X                Y                Z
0.000000000E+00  0.000000000E+00  1.581461298E-03
0.000000000E+00  5.263157895E-02  2.028676184E-01
0.000000000E+00  1.052631579E-01  9.262399157E-01
0.000000000E+00  1.578947368E-01  5.727170224E-01
0.000000000E+00  2.105263158E-01  1.660654253E-01
0.000000000E+00  2.631578947E-01  1.027195776E-01
0.000000000E+00  3.157894737E-01  6.630148808E-02
0.000000000E+00  3.684210526E-01  3.771338221E-02
0.000000000E+00  4.210526316E-01  3.287721386E-02
0.000000000E+00  4.736842105E-01  2.854801089E-02
0.000000000E+00  5.263157895E-01  2.854801089E-02
0.000000000E+00  5.789473684E-01  3.287721386E-02
0.000000000E+00  6.315789474E-01  3.771338221E-02
0.000000000E+00  6.842105263E-01  6.630148808E-02
0.000000000E+00  7.368421053E-01  1.027195776E-01
0.000000000E+00  7.894736842E-01  1.660654253E-01
0.000000000E+00  8.421052632E-01  5.727170224E-01
0.000000000E+00  8.947368421E-01  9.262399157E-01
0.000000000E+00  9.473684211E-01  2.028676184E-01
0.000000000E+00  1.000000000E+00  1.581461298E-03
5.263157895E-02  0.000000000E+00  2.028676184E-01
5.263157895E-02  5.263157895E-02  4.719685108E-01
5.263157895E-02  1.052631579E-01  8.791370516E-01
5.263157895E-02  1.578947368E-01  4.537861629E-01
5.263157895E-02  2.105263158E-01  1.464122476E-01
5.263157895E-02  2.631578947E-01  1.013538874E-01
5.263157895E-02  3.157894737E-01  6.577701121E-02
5.263157895E-02  3.684210526E-01  4.071463820E-02
5.263157895E-02  4.210526316E-01  3.667950090E-02
5.263157895E-02  4.736842105E-01  3.212367510E-02
5.263157895E-02  5.263157895E-01  3.212367510E-02
5.263157895E-02  5.789473684E-01  3.667950090E-02
5.263157895E-02  6.315789474E-01  4.071463820E-02
5.263157895E-02  6.842105263E-01  6.577701121E-02
5.263157895E-02  7.368421053E-01  1.013538874E-01
5.263157895E-02  7.894736842E-01  1.464122476E-01
5.263157895E-02  8.421052632E-01  4.537861629E-01
5.263157895E-02  8.947368421E-01  8.791370516E-01
5.263157895E-02  9.473684211E-01  4.719685108E-01
5.263157895E-02  1.000000000E+00  2.028676184E-01
1.052631579E-01  0.000000000E+00  9.262399157E-01
1.052631579E-01  5.263157895E-02  8.791370516E-01
1.052631579E-01  1.052631579E-01  6.082605099E-01
1.052631579E-01  1.578947368E-01  2.421271478E-01
1.052631579E-01  2.105263158E-01  1.195839035E-01
1.052631579E-01  2.631578947E-01  9.888383524E-02
1.052631579E-01  3.157894737E-01  6.285761714E-02
1.052631579E-01  3.684210526E-01  4.408058352E-02
1.052631579E-01  4.210526316E-01  4.045033900E-02
1.052631579E-01  4.736842105E-01  3.516208434E-02
1.052631579E-01  5.263157895E-01  3.516208434E-02
1.052631579E-01  5.789473684E-01  4.045033900E-02
1.052631579E-01  6.315789474E-01  4.408058352E-02
1.052631579E-01  6.842105263E-01  6.285761714E-02
1.052631579E-01  7.368421053E-01  9.888383524E-02
1.052631579E-01  7.894736842E-01  1.195839035E-01
1.052631579E-01  8.421052632E-01  2.421271478E-01
1.052631579E-01  8.947368421E-01  6.082605099E-01
1.052631579E-01  9.473684211E-01  8.791370516E-01
1.052631579E-01  1.000000000E+00  9.262399157E-01
1.578947368E-01  0.000000000E+00  5.727170224E-01
1.578947368E-01  5.263157895E-02  4.537861629E-01
1.578947368E-01  1.052631579E-01  2.421271478E-01
1.578947368E-01  1.578947368E-01  1.317261571E-01
1.578947368E-01  2.105263158E-01  1.110891205E-01
1.578947368E-01  2.631578947E-01  8.776785581E-02
1.578947368E-01  3.157894737E-01  5.693526580E-02
1.578947368E-01  3.684210526E-01  4.941837825E-02
1.578947368E-01  4.210526316E-01  5.020154225E-02
1.578947368E-01  4.736842105E-01  4.813126738E-02
1.578947368E-01  5.263157895E-01  4.813126738E-02
1.578947368E-01  5.789473684E-01  5.020154225E-02
1.578947368E-01  6.315789474E-01  4.941837825E-02
1.578947368E-01  6.842105263E-01  5.693526580E-02
1.578947368E-01  7.368421053E-01  8.776785581E-02
1.578947368E-01  7.894736842E-01  1.110891205E-01
1.578947368E-01  8.421052632E-01  1.317261571E-01
1.578947368E-01  8.947368421E-01  2.421271478E-01
1.578947368E-01  9.473684211E-01  4.537861629E-01
1.578947368E-01  1.000000000E+00  5.727170224E-01
2.105263158E-01  0.000000000E+00  1.660654253E-01
2.105263158E-01  5.263157895E-02  1.464122476E-01
2.105263158E-01  1.052631579E-01  1.195839035E-01
2.105263158E-01  1.578947368E-01  1.110891205E-01
2.105263158E-01  2.105263158E-01  9.678964865E-02
2.105263158E-01  2.631578947E-01  7.130601657E-02
2.105263158E-01  3.157894737E-01  6.505565329E-02
2.105263158E-01  3.684210526E-01  7.655152077E-02
2.105263158E-01  4.210526316E-01  8.459905020E-02
2.105263158E-01  4.736842105E-01  8.723620349E-02
2.105263158E-01  5.263157895E-01  8.723620349E-02
2.105263158E-01  5.789473684E-01  8.459905020E-02
2.105263158E-01  6.315789474E-01  7.655152077E-02
2.105263158E-01  6.842105263E-01  6.505565329E-02
2.105263158E-01  7.368421053E-01  7.130601657E-02
2.105263158E-01  7.894736842E-01  9.678964865E-02
2.105263158E-01  8.421052632E-01  1.110891205E-01
2.105263158E-01  8.947368421E-01  1.195839035E-01
2.105263158E-01  9.473684211E-01  1.464122476E-01
2.105263158E-01  1.000000000E+00  1.660654253E-01
2.631578947E-01  0.000000000E+00  1.027195776E-01
2.631578947E-01  5.263157895E-02  1.013538874E-01
2.631578947E-01  1.052631579E-01  9.888383524E-02
2.631578947E-01  1.578947368E-01  8.776785581E-02
2.631578947E-01  2.105263158E-01  7.130601657E-02
2.631578947E-01  2.631578947E-01  7.362788414E-02
2.631578947E-01  3.157894737E-01  9.454834637E-02
2.631578947E-01  3.684210526E-01  1.072657157E-01
2.631578947E-01  4.210526316E-01  1.102864711E-01
2.631578947E-01  4.736842105E-01  1.169546468E-01
2.631578947E-01  5.263157895E-01  1.169546468E-01
2.631578947E-01  5.789473684E-01  1.102864711E-01
2.631578947E-01  6.315789474E-01  1.072657157E-01
2.631578947E-01  6.842105263E-01  9.454834637E-02
2.631578947E-01  7.368421053E-01  7.362788414E-02
2.631578947E-01  7.894736842E-01  7.130601657E-02
2.631578947E-01  8.421052632E-01  8.776785581E-02
2.631578947E-01  8.947368421E-01  9.888383524E-02
2.631578947E-01  9.473684211E-01  1.013538874E-01
2.631578947E-01  1.000000000E+00  1.027195776E-01
3.157894737E-01  0.000000000E+00  6.630148808E-02
3.157894737E-01  5.263157895E-02  6.577701121E-02
3.157894737E-01  1.052631579E-01  6.285761714E-02
3.157894737E-01  1.578947368E-01  5.693526580E-02
3.157894737E-01  2.105263158E-01  6.505565329E-02
3.157894737E-01  2.631578947E-01  9.454834637E-02
3.157894737E-01  3.157894737E-01  1.121699434E-01
3.157894737E-01  3.684210526E-01  1.281706222E-01
3.157894737E-01  4.210526316E-01  1.952419391E-01
3.157894737E-01  4.736842105E-01  2.862369718E-01
3.157894737E-01  5.263157895E-01  2.862369718E-01
3.157894737E-01  5.789473684E-01  1.952419391E-01
3.157894737E-01  6.315789474E-01  1.281706222E-01
3.157894737E-01  6.842105263E-01  1.121699434E-01
3.157894737E-01  7.368421053E-01  9.454834637E-02
3.157894737E-01  7.894736842E-01  6.505565329E-02
3.157894737E-01  8.421052632E-01  5.693526580E-02
3.157894737E-01  8.947368421E-01  6.285761714E-02
3.157894737E-01  9.473684211E-01  6.577701121E-02
3.157894737E-01  1.000000000E+00  6.630148808E-02
3.684210526E-01  0.000000000E+00  3.771338221E-02
3.684210526E-01  5.263157895E-02  4.071463820E-02
3.684210526E-01  1.052631579E-01  4.408058352E-02
3.684210526E-01  1.578947368E-01  4.941837825E-02
3.684210526E-01  2.105263158E-01  7.655152077E-02
3.684210526E-01  2.631578947E-01  1.072657157E-01
3.684210526E-01  3.157894737E-01  1.281706222E-01
3.684210526E-01  3.684210526E-01  2.607591031E-01
3.684210526E-01  4.210526316E-01  5.737122923E-01
3.684210526E-01  4.736842105E-01  8.352646107E-01
3.684210526E-01  5.263157895E-01  8.352646107E-01
3.684210526E-01  5.789473684E-01  5.737122923E-01
3.684210526E-01  6.315789474E-01  2.607591031E-01
3.684210526E-01  6.842105263E-01  1.281706222E-01
3.684210526E-01  7.368421053E-01  1.072657157E-01
3.684210526E-01  7.894736842E-01  7.655152077E-02
3.684210526E-01  8.421052632E-01  4.941837825E-02
3.684210526E-01  8.947368421E-01  4.408058352E-02
3.684210526E-01  9.473684211E-01  4.071463820E-02
3.684210526E-01  1.000000000E+00  3.771338221E-02
4.210526316E-01  0.000000000E+00  3.287721386E-02
4.210526316E-01  5.263157895E-02  3.667950090E-02
4.210526316E-01  1.052631579E-01  4.045033900E-02
4.210526316E-01  1.578947368E-01  5.020154225E-02
4.210526316E-01  2.105263158E-01  8.459905020E-02
4.210526316E-01  2.631578947E-01  1.102864711E-01
4.210526316E-01  3.157894737E-01  1.952419391E-01
4.210526316E-01  3.684210526E-01  5.737122923E-01
4.210526316E-01  4.210526316E-01  8.400084565E-01
4.210526316E-01  4.736842105E-01  6.498426351E-01
4.210526316E-01  5.263157895E-01  6.498426351E-01
4.210526316E-01  5.789473684E-01  8.400084565E-01
4.210526316E-01  6.315789474E-01  5.737122923E-01
4.210526316E-01  6.842105263E-01  1.952419391E-01
4.210526316E-01  7.368421053E-01  1.102864711E-01
4.210526316E-01  7.894736842E-01  8.459905020E-02
4.210526316E-01  8.421052632E-01  5.020154225E-02
4.210526316E-01  8.947368421E-01  4.045033900E-02
4.210526316E-01  9.473684211E-01  3.667950090E-02
4.210526316E-01  1.000000000E+00  3.287721386E-02
4.736842105E-01  0.000000000E+00  2.854801089E-02
4.736842105E-01  5.263157895E-02  3.212367510E-02
4.736842105E-01  1.052631579E-01  3.516208434E-02
4.736842105E-01  1.578947368E-01  4.813126738E-02
4.736842105E-01  2.105263158E-01  8.723620349E-02
4.736842105E-01  2.631578947E-01  1.169546468E-01
4.736842105E-01  3.157894737E-01  2.862369718E-01
4.736842105E-01  3.684210526E-01  8.352646107E-01
4.736842105E-01  4.210526316E-01  6.498426351E-01
4.736842105E-01  4.736842105E-01  5.618838887E-02
4.736842105E-01  5.263157895E-01  5.618838887E-02
4.736842105E-01  5.789473684E-01  6.498426351E-01
4.736842105E-01  6.315789474E-01  8.352646107E-01
4.736842105E-01  6.842105263E-01  2.862369718E-01
4.736842105E-01  7.368421053E-01  1.169546468E-01
4.736842105E-01  7.894736842E-01  8.723620349E-02
4.736842105E-01  8.421052632E-01  4.813126738E-02
4.736842105E-01  8.947368421E-01  3.516208434E-02
4.736842105E-01  9.473684211E-01  3.212367510E-02
4.736842105E-01  1.000000000E+00  2.854801089E-02
5.263157895E-01  0.000000000E+00  2.854801089E-02
5.263157895E-01  5.263157895E-02  3.212367510E-02
5.263157895E-01  1.052631579E-01  3.516208434E-02
5.263157895E-01  1.578947368E-01  4.813126738E-02
5.263157895E-01  2.105263158E-01  8.723620349E-02
5.263157895E-01  2.631578947E-01  1.169546468E-01
5.263157895E-01  3.157894737E-01  2.862369718E-01
5.263157895E-01  3.684210526E-01  8.352646107E-01
5.263157895E-01  4.210526316E-01  6.498426351E-01
5.263157895E-01  4.736842105E-01  5.618838887E-02
5.263157895E-01  5.263157895E-01  5.618838887E-02
5.263157895E-01  5.789473684E-01  6.498426351E-01
5.263157895E-01  6.315789474E-01  8.352646107E-01
5.263157895E-01  6.842105263E-01  2.862369718E-01
5.263157895E-01  7.368421053E-01  1.169546468E-01
5.263157895E-01  7.894736842E-01  8.723620349E-02
5.263157895E-01  8.421052632E-01  4.813126738E-02
5.263157895E-01  8.947368421E-01  3.516208434E-02
5.263157895E-01  9.473684211E-01  3.212367510E-02
5.263157895E-01  1.000000000E+00  2.854801089E-02
5.789473684E-01  0.000000000E+00  3.287721386E-02
5.789473684E-01  5.263157895E-02  3.667950090E-02
5.789473684E-01  1.052631579E-01  4.045033900E-02
5.789473684E-01  1.578947368E-01  5.020154225E-02
5.789473684E-01  2.105263158E-01  8.459905020E-02
5.789473684E-01  2.631578947E-01  1.102864711E-01
5.789473684E-01  3.157894737E-01  1.952419391E-01
5.789473684E-01  3.684210526E-01  5.737122923E-01
5.789473684E-01  4.210526316E-01  8.400084565E-01
5.789473684E-01  4.736842105E-01  6.498426351E-01
5.789473684E-01  5.263157895E-01  6.498426351E-01
5.789473684E-01  5.789473684E-01  8.400084565E-01
5.789473684E-01  6.315789474E-01  5.737122923E-01
5.789473684E-01  6.842105263E-01  1.952419391E-01
5.789473684E-01  7.368421053E-01  1.102864711E-01
5.789473684E-01  7.894736842E-01  8.459905020E-02
5.789473684E-01  8.421052632E-01  5.020154225E-02
5.789473684E-01  8.947368421E-01  4.045033900E-02
5.789473684E-01  9.473684211E-01  3.667950090E-02
5.789473684E-01  1.000000000E+00  3.287721386E-02
6.315789474E-01  0.000000000E+00  3.771338221E-02
6.315789474E-01  5.263157895E-02  4.071463820E-02
6.315789474E-01  1.052631579E-01  4.408058352E-02
6.315789474E-01  1.578947368E-01  4.941837825E-02
6.315789474E-01  2.105263158E-01  7.655152077E-02
6.315789474E-01  2.631578947E-01  1.072657157E-01
6.315789474E-01  3.157894737E-01  1.281706222E-01
6.315789474E-01  3.684210526E-01  2.607591031E-01
6.315789474E-01  4.210526316E-01  5.737122923E-01
6.315789474E-01  4.736842105E-01  8.352646107E-01
6.315789474E-01  5.263157895E-01  8.352646107E-01
6.315789474E-01  5.789473684E-01  5.737122923E-01
6.315789474E-01  6.315789474E-01  2.607591031E-01
6.315789474E-01  6.842105263E-01  1.281706222E-01
6.315789474E-01  7.368421053E-01  1.072657157E-01
6.315789474E-01  7.894736842E-01  7.655152077E-02
6.315789474E-01  8.421052632E-01  4.941837825E-02
6.315789474E-01  8.947368421E-01  4.408058352E-02
6.315789474E-01  9.473684211E-01  4.071463820E-02
6.315789474E-01  1.000000000E+00  3.771338221E-02
6.842105263E-01  0.000000000E+00  6.630148808E-02
6.842105263E-01  5.263157895E-02  6.577701121E-02
6.842105263E-01  1.052631579E-01  6.285761714E-02
6.842105263E-01  1.578947368E-01  5.693526580E-02
6.842105263E-01  2.105263158E-01  6.505565329E-02
6.842105263E-01  2.631578947E-01  9.454834637E-02
6.842105263E-01  3.157894737E-01  1.121699434E-01
6.842105263E-01  3.684210526E-01  1.281706222E-01
6.842105263E-01  4.210526316E-01  1.952419391E-01
6.842105263E-01  4.736842105E-01  2.862369718E-01
6.842105263E-01  5.263157895E-01  2.862369718E-01
6.842105263E-01  5.789473684E-01  1.952419391E-01
6.842105263E-01  6.315789474E-01  1.281706222E-01
6.842105263E-01  6.842105263E-01  1.121699434E-01
6.842105263E-01  7.368421053E-01  9.454834637E-02
6.842105263E-01  7.894736842E-01  6.505565329E-02
6.842105263E-01  8.421052632E-01  5.693526580E-02
6.842105263E-01  8.947368421E-01  6.285761714E-02
6.842105263E-01  9.473684211E-01  6.577701121E-02
6.842105263E-01  1.000000000E+00  6.630148808E-02
7.368421053E-01  0.000000000E+00  1.027195776E-01
7.368421053E-01  5.263157895E-02  1.013538874E-01
7.368421053E-01  1.052631579E-01  9.888383524E-02
7.368421053E-01  1.578947368E-01  8.776785581E-02
7.368421053E-01  2.105263158E-01  7.130601657E-02
7.368421053E-01  2.631578947E-01  7.362788414E-02
7.368421053E-01  3.157894737E-01  9.454834637E-02
7.368421053E-01  3.684210526E-01  1.072657157E-01
7.368421053E-01  4.210526316E-01  1.102864711E-01
7.368421053E-01  4.736842105E-01  1.169546468E-01
7.368421053E-01  5.263157895E-01  1.169546468E-01
7.368421053E-01  5.789473684E-01  1.102864711E-01
7.368421053E-01  6.315789474E-01  1.072657157E-01
7.368421053E-01  6.842105263E-01  9.454834637E-02
7.368421053E-01  7.368421053E-01  7.362788414E-02
7.368421053E-01  7.894736842E-01  7.130601657E-02
7.368421053E-01  8.421052632E-01  8.776785581E-02
7.368421053E-01  8.947368421E-01  9.888383524E-02
7.368421053E-01  9.473684211E-01  1.013538874E-01
7.368421053E-01  1.000000000E+00  1.027195776E-01
7.894736842E-01  0.000000000E+00  1.660654253E-01
7.894736842E-01  5.263157895E-02  1.464122476E-01
7.894736842E-01  1.052631579E-01  1.195839035E-01
7.894736842E-01  1.578947368E-01  1.110891205E-01
7.894736842E-01  2.105263158E-01  9.678964865E-02
7.894736842E-01  2.631578947E-01  7.130601657E-02
7.894736842E-01  3.157894737E-01  6.505565329E-02
7.894736842E-01  3.684210526E-01  7.655152077E-02
7.894736842E-01  4.210526316E-01  8.459905020E-02
7.894736842E-01  4.736842105E-01  8.723620349E-02
7.894736842E-01  5.263157895E-01  8.723620349E-02
7.894736842E-01  5.789473684E-01  8.459905020E-02
7.894736842E-01  6.315789474E-01  7.655152077E-02
7.894736842E-01  6.842105263E-01  6.505565329E-02
7.894736842E-01  7.368421053E-01  7.130601657E-02
7.894736842E-01  7.894736842E-01  9.678964865E-02
7.894736842E-01  8.421052632E-01  1.110891205E-01
7.894736842E-01  8.947368421E-01  1.195839035E-01
7.894736842E-01  9.473684211E-01  1.464122476E-01
7.894736842E-01  1.000000000E+00  1.660654253E-01
8.421052632E-01  0.000000000E+00  5.727170224E-01
8.421052632E-01  5.263157895E-02  4.537861629E-01
8.421052632E-01  1.052631579E-01  2.421271478E-01
8.421052632E-01  1.578947368E-01  1.317261571E-01
8.421052632E-01  2.105263158E-01  1.110891205E-01
8.421052632E-01  2.631578947E-01  8.776785581E-02
8.421052632E-01  3.157894737E-01  5.693526580E-02
8.421052632E-01  3.684210526E-01  4.941837825E-02
8.421052632E-01  4.210526316E-01  5.020154225E-02
8.421052632E-01  4.736842105E-01  4.813126738E-02
8.421052632E-01  5.263157895E-01  4.813126738E-02
8.421052632E-01  5.789473684E-01  5.020154225E-02
8.421052632E-01  6.315789474E-01  4.941837825E-02
8.421052632E-01  6.842105263E-01  5.693526580E-02
8.421052632E-01  7.368421053E-01  8.776785581E-02
8.421052632E-01  7.894736842E-01  1.110891205E-01
8.421052632E-01  8.421052632E-01  1.317261571E-01
8.421052632E-01  8.947368421E-01  2.421271478E-01
8.421052632E-01  9.473684211E-01  4.537861629E-01
8.421052632E-01  1.000000000E+00  5.727170224E-01
8.947368421E-01  0.000000000E+00  9.262399157E-01
8.947368421E-01  5.263157895E-02  8.791370516E-01
8.947368421E-01  1.052631579E-01  6.082605099E-01
8.947368421E-01  1.578947368E-01  2.421271478E-01
8.947368421E-01  2.105263158E-01  1.195839035E-01
8.947368421E-01  2.631578947E-01  9.888383524E-02
8.947368421E-01  3.157894737E-01  6.285761714E-02
8.947368421E-01  3.684210526E-01  4.408058352E-02
8.947368421E-01  4.210526316E-01  4.045033900E-02
8.947368421E-01  4.736842105E-01  3.516208434E-02
8.947368421E-01  5.263157895E-01  3.516208434E-02
8.947368421E-01  5.789473684E-01  4.045033900E-02
8.947368421E-01  6.315789474E-01  4.408058352E-02
8.947368421E-01  6.842105263E-01  6.285761714E-02
8.947368421E-01  7.368421053E-01  9.888383524E-02
8.947368421E-01  7.894736842E-01  1.195839035E-01
8.947368421E-01  8.421052632E-01  2.421271478E-01
8.947368421E-01  8.947368421E-01  6.082605099E-01
8.947368421E-01  9.473684211E-01  8.791370516E-01
8.947368421E-01  1.000000000E+00  9.262399157E-01
9.473684211E-01  0.000000000E+00  2.028676184E-01
9.473684211E-01  5.263157895E-02  4.719685108E-01
9.473684211E-01  1.052631579E-01  8.791370516E-01
9.473684211E-01  1.578947368E-01  4.537861629E-01
9.473684211E-01  2.105263158E-01  1.464122476E-01
9.473684211E-01  2.631578947E-01  1.013538874E-01
9.473684211E-01  3.157894737E-01  6.577701121E-02
9.473684211E-01  3.684210526E-01  4.071463820E-02
9.473684211E-01  4.210526316E-01  3.667950090E-02
9.473684211E-01  4.736842105E-01  3.212367510E-02
9.473684211E-01  5.263157895E-01  3.212367510E-02
9.473684211E-01  5.789473684E-01  3.667950090E-02
9.473684211E-01  6.315789474E-01  4.071463820E-02
9.473684211E-01  6.842105263E-01  6.577701121E-02
9.473684211E-01  7.368421053E-01  1.013538874E-01
9.473684211E-01  7.894736842E-01  1.464122476E-01
9.473684211E-01  8.421052632E-01  4.537861629E-01
9.473684211E-01  8.947368421E-01  8.791370516E-01
9.473684211E-01  9.473684211E-01  4.719685108E-01
9.473684211E-01  1.000000000E+00  2.028676184E-01
1.000000000E+00  0.000000000E+00  1.581461298E-03
1.000000000E+00  5.263157895E-02  2.028676184E-01
1.000000000E+00  1.052631579E-01  9.262399157E-01
1.000000000E+00  1.578947368E-01  5.727170224E-01
1.000000000E+00  2.105263158E-01  1.660654253E-01
1.000000000E+00  2.631578947E-01  1.027195776E-01
1.000000000E+00  3.157894737E-01  6.630148808E-02
1.000000000E+00  3.684210526E-01  3.771338221E-02
1.000000000E+00  4.210526316E-01  3.287721386E-02
1.000000000E+00  4.736842105E-01  2.854801089E-02
1.000000000E+00  5.263157895E-01  2.854801089E-02
1.000000000E+00  5.789473684E-01  3.287721386E-02
1.000000000E+00  6.315789474E-01  3.771338221E-02
1.000000000E+00  6.842105263E-01  6.630148808E-02
1.000000000E+00  7.368421053E-01  1.027195776E-01
1.000000000E+00  7.894736842E-01  1.660654253E-01
1.000000000E+00  8.421052632E-01  5.727170224E-01
1.000000000E+00  8.947368421E-01  9.262399157E-01
1.000000000E+00  9.473684211E-01  2.028676184E-01
1.000000000E+00  1.000000000E+00  1.581461298E-03
