# Minimun, maximun, imaginary charge: 0.000000000E+00  0.000000000E+00  0.000000000E+00
# 2D plot, nx =  10 ny = 10
# X                Y                Z
0.000000000E+00  0.000000000E+00  0.000000000E+00
0.000000000E+00  1.111111111E-01  0.000000000E+00
0.000000000E+00  2.222222222E-01  0.000000000E+00
0.000000000E+00  3.333333333E-01  0.000000000E+00
0.000000000E+00  4.444444444E-01  0.000000000E+00
0.000000000E+00  5.555555556E-01  0.000000000E+00
0.000000000E+00  6.666666667E-01  0.000000000E+00
0.000000000E+00  7.777777778E-01  0.000000000E+00
0.000000000E+00  8.888888889E-01  0.000000000E+00
0.000000000E+00  1.000000000E+00  0.000000000E+00

1.111111111E-01  0.000000000E+00  0.000000000E+00
1.111111111E-01  1.111111111E-01  0.000000000E+00
1.111111111E-01  2.222222222E-01  0.000000000E+00
1.111111111E-01  3.333333333E-01  0.000000000E+00
1.111111111E-01  4.444444444E-01  0.000000000E+00
1.111111111E-01  5.555555556E-01  0.000000000E+00
1.111111111E-01  6.666666667E-01  0.000000000E+00
1.111111111E-01  7.777777778E-01  0.000000000E+00
1.111111111E-01  8.888888889E-01  0.000000000E+00
1.111111111E-01  1.000000000E+00  0.000000000E+00

2.222222222E-01  0.000000000E+00  0.000000000E+00
2.222222222E-01  1.111111111E-01  0.000000000E+00
2.222222222E-01  2.222222222E-01  0.000000000E+00
2.222222222E-01  3.333333333E-01  0.000000000E+00
2.222222222E-01  4.444444444E-01  0.000000000E+00
2.222222222E-01  5.555555556E-01  0.000000000E+00
2.222222222E-01  6.666666667E-01  0.000000000E+00
2.222222222E-01  7.777777778E-01  0.000000000E+00
2.222222222E-01  8.888888889E-01  0.000000000E+00
2.222222222E-01  1.000000000E+00  0.000000000E+00

3.333333333E-01  0.000000000E+00  0.000000000E+00
3.333333333E-01  1.111111111E-01  0.000000000E+00
3.333333333E-01  2.222222222E-01  0.000000000E+00
3.333333333E-01  3.333333333E-01  0.000000000E+00
3.333333333E-01  4.444444444E-01  0.000000000E+00
3.333333333E-01  5.555555556E-01  0.000000000E+00
3.333333333E-01  6.666666667E-01  0.000000000E+00
3.333333333E-01  7.777777778E-01  0.000000000E+00
3.333333333E-01  8.888888889E-01  0.000000000E+00
3.333333333E-01  1.000000000E+00  0.000000000E+00

4.444444444E-01  0.000000000E+00  0.000000000E+00
4.444444444E-01  1.111111111E-01  0.000000000E+00
4.444444444E-01  2.222222222E-01  0.000000000E+00
4.444444444E-01  3.333333333E-01  0.000000000E+00
4.444444444E-01  4.444444444E-01  0.000000000E+00
4.444444444E-01  5.555555556E-01  0.000000000E+00
4.444444444E-01  6.666666667E-01  0.000000000E+00
4.444444444E-01  7.777777778E-01  0.000000000E+00
4.444444444E-01  8.888888889E-01  0.000000000E+00
4.444444444E-01  1.000000000E+00  0.000000000E+00

5.555555556E-01  0.000000000E+00  0.000000000E+00
5.555555556E-01  1.111111111E-01  0.000000000E+00
5.555555556E-01  2.222222222E-01  0.000000000E+00
5.555555556E-01  3.333333333E-01  0.000000000E+00
5.555555556E-01  4.444444444E-01  0.000000000E+00
5.555555556E-01  5.555555556E-01  0.000000000E+00
5.555555556E-01  6.666666667E-01  0.000000000E+00
5.555555556E-01  7.777777778E-01  0.000000000E+00
5.555555556E-01  8.888888889E-01  0.000000000E+00
5.555555556E-01  1.000000000E+00  0.000000000E+00

6.666666667E-01  0.000000000E+00  0.000000000E+00
6.666666667E-01  1.111111111E-01  0.000000000E+00
6.666666667E-01  2.222222222E-01  0.000000000E+00
6.666666667E-01  3.333333333E-01  0.000000000E+00
6.666666667E-01  4.444444444E-01  0.000000000E+00
6.666666667E-01  5.555555556E-01  0.000000000E+00
6.666666667E-01  6.666666667E-01  0.000000000E+00
6.666666667E-01  7.777777778E-01  0.000000000E+00
6.666666667E-01  8.888888889E-01  0.000000000E+00
6.666666667E-01  1.000000000E+00  0.000000000E+00

7.777777778E-01  0.000000000E+00  0.000000000E+00
7.777777778E-01  1.111111111E-01  0.000000000E+00
7.777777778E-01  2.222222222E-01  0.000000000E+00
7.777777778E-01  3.333333333E-01  0.000000000E+00
7.777777778E-01  4.444444444E-01  0.000000000E+00
7.777777778E-01  5.555555556E-01  0.000000000E+00
7.777777778E-01  6.666666667E-01  0.000000000E+00
7.777777778E-01  7.777777778E-01  0.000000000E+00
7.777777778E-01  8.888888889E-01  0.000000000E+00
7.777777778E-01  1.000000000E+00  0.000000000E+00

8.888888889E-01  0.000000000E+00  0.000000000E+00
8.888888889E-01  1.111111111E-01  0.000000000E+00
8.888888889E-01  2.222222222E-01  0.000000000E+00
8.888888889E-01  3.333333333E-01  0.000000000E+00
8.888888889E-01  4.444444444E-01  0.000000000E+00
8.888888889E-01  5.555555556E-01  0.000000000E+00
8.888888889E-01  6.666666667E-01  0.000000000E+00
8.888888889E-01  7.777777778E-01  0.000000000E+00
8.888888889E-01  8.888888889E-01  0.000000000E+00
8.888888889E-01  1.000000000E+00  0.000000000E+00

1.000000000E+00  0.000000000E+00  0.000000000E+00
1.000000000E+00  1.111111111E-01  0.000000000E+00
1.000000000E+00  2.222222222E-01  0.000000000E+00
1.000000000E+00  3.333333333E-01  0.000000000E+00
1.000000000E+00  4.444444444E-01  0.000000000E+00
1.000000000E+00  5.555555556E-01  0.000000000E+00
1.000000000E+00  6.666666667E-01  0.000000000E+00
1.000000000E+00  7.777777778E-01  0.000000000E+00
1.000000000E+00  8.888888889E-01  0.000000000E+00
1.000000000E+00  1.000000000E+00  0.000000000E+00

