   10    10     1          0.69813170079773          0.34906585039887
     8.52069828140300E-02     1.13144885153853E-02     2.68170214632866E-02     9.23475737627237E-03
     5.05726495880593E-02     5.05729896076209E-02     9.23484597328131E-03     2.68166794334922E-02
     1.13144015475541E-02     8.52069079386405E-02     8.52069828140300E-02     7.97100323891182E-03
     1.71107725756166E-02     7.26598443933206E-03     6.31735294913164E-02     9.73903968775106E-03
     6.49856036515293E-03     2.53051903879235E-02     5.45130858941680E-02     8.52069079386405E-02
     8.52069828140300E-02     8.15544434535683E-03     5.18812722376636E-02     1.20539008920111E-02
     2.11506683161085E-02     6.16673967767217E-02     1.73620763118628E-02     1.26493155274938E-02
     1.80717202013947E-02     8.52069079386405E-02     8.52069828140300E-02     4.44018715284629E-02
     1.52060578675084E-02     1.99575814272571E-02     2.06268250877659E-02     1.21320467745981E-02
     1.55768724337597E-02     3.16737924217171E-02     7.46526397825517E-03     8.52069079386405E-02
     8.52069828140300E-02     2.98371003566507E-02     1.01086326450104E-02     3.13272422920895E-02
     3.93602554433805E-02     5.79851406440326E-03     2.05799048309243E-02     5.17585866863017E-02
     7.21814448397332E-03     8.52069079386405E-02     8.52069828140300E-02     7.21826740310303E-03
     5.17588977372234E-02     2.05802078559970E-02     5.79856998234335E-03     3.93604362429163E-02
     3.13272112897015E-02     1.01077811017194E-02     2.98372114953218E-02     8.52069079386405E-02
     8.52069828140300E-02     7.46518611736643E-03     3.16729596602260E-02     1.55757740588932E-02
     1.21320368367156E-02     2.06269580682865E-02     1.99576763423224E-02     1.52065654632985E-02
     4.44019209581842E-02     8.52069079386405E-02     8.52069828140300E-02     1.80719194770241E-02
     1.26494102481540E-02     1.73624721932480E-02     6.16670381481136E-02     2.11502962004362E-02
     1.20540636978974E-02     5.18815067913815E-02     8.15559164672994E-03     8.52069079386405E-02
     8.52069828140300E-02     5.45130869057364E-02     2.53048731422958E-02     6.49881647598631E-03
     9.73924230107515E-03     6.31726135822755E-02     7.26608535828930E-03     1.71112759552139E-02
     7.97093769781805E-03     8.52069079386405E-02     8.52069828140300E-02     1.13144885153853E-02
     2.68170214632865E-02     9.23475737627233E-03     5.05726495880593E-02     5.05729896076209E-02
     9.23484597328131E-03     2.68166794334922E-02     1.13144015475540E-02     8.52069079386405E-02
