# Minimun, maximun, imaginary charge: 2.743735767E-02  8.158797422E-01  2.053546222E-16
# 2D plot, nx =  10 ny = 10
# X                Y                Z
0.000000000E+00  0.000000000E+00  2.743735767E-02
0.000000000E+00  3.490658504E-01  7.422341191E-01
0.000000000E+00  6.981317008E-01  5.896185812E-01
0.000000000E+00  1.047197551E+00  8.038331061E-02
0.000000000E+00  1.396263402E+00  1.159327720E-01
0.000000000E+00  1.745329252E+00  1.159327720E-01
0.000000000E+00  2.094395102E+00  8.038331061E-02
0.000000000E+00  2.443460953E+00  5.896185812E-01
0.000000000E+00  2.792526803E+00  7.422341191E-01
0.000000000E+00  3.141592654E+00  2.743735767E-02

6.981317008E-01  0.000000000E+00  2.743735767E-02
6.981317008E-01  3.490658504E-01  5.555104756E-02
6.981317008E-01  6.981317008E-01  8.357820303E-02
6.981317008E-01  1.047197551E+00  9.571046048E-02
6.981317008E-01  1.396263402E+00  9.196581443E-02
6.981317008E-01  1.745329252E+00  9.196581443E-02
6.981317008E-01  2.094395102E+00  9.571046048E-02
6.981317008E-01  2.443460953E+00  8.357820303E-02
6.981317008E-01  2.792526803E+00  5.555104756E-02
6.981317008E-01  3.141592654E+00  2.743735767E-02

1.396263402E+00  0.000000000E+00  2.743735767E-02
1.396263402E+00  3.490658504E-01  8.158797422E-01
1.396263402E+00  6.981317008E-01  1.214186289E-01
1.396263402E+00  1.047197551E+00  5.817391656E-02
1.396263402E+00  1.396263402E+00  6.710520509E-02
1.396263402E+00  1.745329252E+00  6.710520509E-02
1.396263402E+00  2.094395102E+00  5.817391656E-02
1.396263402E+00  2.443460953E+00  1.214186289E-01
1.396263402E+00  2.792526803E+00  8.158797422E-01
1.396263402E+00  3.141592654E+00  2.743735767E-02

2.094395102E+00  0.000000000E+00  2.743735767E-02
2.094395102E+00  3.490658504E-01  9.911280112E-02
2.094395102E+00  6.981317008E-01  5.101216796E-02
2.094395102E+00  1.047197551E+00  7.676762867E-02
2.094395102E+00  1.396263402E+00  5.839032583E-02
2.094395102E+00  1.745329252E+00  5.839032583E-02
2.094395102E+00  2.094395102E+00  7.676762867E-02
2.094395102E+00  2.443460953E+00  5.101216796E-02
2.094395102E+00  2.792526803E+00  9.911280112E-02
2.094395102E+00  3.141592654E+00  2.743735767E-02

2.792526803E+00  0.000000000E+00  2.743735767E-02
2.792526803E+00  3.490658504E-01  2.085595920E-01
2.792526803E+00  6.981317008E-01  5.375230234E-02
2.792526803E+00  1.047197551E+00  6.817192520E-02
2.792526803E+00  1.396263402E+00  9.957259106E-02
2.792526803E+00  1.745329252E+00  9.957259106E-02
2.792526803E+00  2.094395102E+00  6.817192520E-02
2.792526803E+00  2.443460953E+00  5.375230234E-02
2.792526803E+00  2.792526803E+00  2.085595920E-01
2.792526803E+00  3.141592654E+00  2.743735767E-02

3.490658504E+00  0.000000000E+00  2.743735767E-02
3.490658504E+00  3.490658504E-01  2.085595920E-01
3.490658504E+00  6.981317008E-01  5.375230234E-02
3.490658504E+00  1.047197551E+00  6.817192520E-02
3.490658504E+00  1.396263402E+00  9.957259106E-02
3.490658504E+00  1.745329252E+00  9.957259106E-02
3.490658504E+00  2.094395102E+00  6.817192520E-02
3.490658504E+00  2.443460953E+00  5.375230234E-02
3.490658504E+00  2.792526803E+00  2.085595920E-01
3.490658504E+00  3.141592654E+00  2.743735767E-02

4.188790205E+00  0.000000000E+00  2.743735767E-02
4.188790205E+00  3.490658504E-01  9.911280112E-02
4.188790205E+00  6.981317008E-01  5.101216796E-02
4.188790205E+00  1.047197551E+00  7.676762867E-02
4.188790205E+00  1.396263402E+00  5.839032583E-02
4.188790205E+00  1.745329252E+00  5.839032583E-02
4.188790205E+00  2.094395102E+00  7.676762867E-02
4.188790205E+00  2.443460953E+00  5.101216796E-02
4.188790205E+00  2.792526803E+00  9.911280112E-02
4.188790205E+00  3.141592654E+00  2.743735767E-02

4.886921906E+00  0.000000000E+00  2.743735767E-02
4.886921906E+00  3.490658504E-01  8.158797422E-01
4.886921906E+00  6.981317008E-01  1.214186289E-01
4.886921906E+00  1.047197551E+00  5.817391656E-02
4.886921906E+00  1.396263402E+00  6.710520509E-02
4.886921906E+00  1.745329252E+00  6.710520509E-02
4.886921906E+00  2.094395102E+00  5.817391656E-02
4.886921906E+00  2.443460953E+00  1.214186289E-01
4.886921906E+00  2.792526803E+00  8.158797422E-01
4.886921906E+00  3.141592654E+00  2.743735767E-02

5.585053606E+00  0.000000000E+00  2.743735767E-02
5.585053606E+00  3.490658504E-01  5.555104756E-02
5.585053606E+00  6.981317008E-01  8.357820303E-02
5.585053606E+00  1.047197551E+00  9.571046048E-02
5.585053606E+00  1.396263402E+00  9.196581443E-02
5.585053606E+00  1.745329252E+00  9.196581443E-02
5.585053606E+00  2.094395102E+00  9.571046048E-02
5.585053606E+00  2.443460953E+00  8.357820303E-02
5.585053606E+00  2.792526803E+00  5.555104756E-02
5.585053606E+00  3.141592654E+00  2.743735767E-02

6.283185307E+00  0.000000000E+00  2.743735767E-02
6.283185307E+00  3.490658504E-01  7.422341191E-01
6.283185307E+00  6.981317008E-01  5.896185812E-01
6.283185307E+00  1.047197551E+00  8.038331061E-02
6.283185307E+00  1.396263402E+00  1.159327720E-01
6.283185307E+00  1.745329252E+00  1.159327720E-01
6.283185307E+00  2.094395102E+00  8.038331061E-02
6.283185307E+00  2.443460953E+00  5.896185812E-01
6.283185307E+00  2.792526803E+00  7.422341191E-01
6.283185307E+00  3.141592654E+00  2.743735767E-02

