Cubefile created from PWScf calculation
Contains the selected quantity on a FFT grid
    2     0.000000     0.000000     0.000000
   10    10.410909     0.000000     0.000000
   10     0.000000    10.410909     0.000000
   10     0.000000     0.000000    10.410909
   14    14.000000     0.000000     0.000000     0.000000
   14    14.000000     1.377304     1.377304     1.377304
  1.47909E-01  4.16293E-02  3.15976E-02  9.01097E-03  3.41321E-03  3.41328E-03
  9.01097E-03  3.15982E-02  4.16294E-02  1.47909E-01
  4.16293E-02  5.90560E-02  3.02503E-02  1.14055E-02  5.66107E-03  5.66111E-03
  1.14055E-02  3.02502E-02  5.90550E-02  4.16293E-02
  3.15976E-02  3.02503E-02  2.48159E-02  2.00382E-02  1.74243E-02  1.74243E-02
  2.00379E-02  2.48161E-02  3.02502E-02  3.15976E-02
  9.01097E-03  1.14055E-02  2.00382E-02  3.75065E-02  5.05693E-02  5.05695E-02
  3.75065E-02  2.00379E-02  1.14054E-02  9.01097E-03
  3.41321E-03  5.66107E-03  1.74243E-02  5.05693E-02  2.73542E-02  2.73548E-02
  5.05694E-02  1.74243E-02  5.66106E-03  3.41321E-03
  3.41328E-03  5.66111E-03  1.74243E-02  5.05695E-02  2.73548E-02  2.73542E-02
  5.05693E-02  1.74240E-02  5.66107E-03  3.41328E-03
  9.01097E-03  1.14055E-02  2.00379E-02  3.75065E-02  5.05694E-02  5.05693E-02
  3.75065E-02  2.00378E-02  1.14056E-02  9.01097E-03
  3.15982E-02  3.02502E-02  2.48161E-02  2.00379E-02  1.74243E-02  1.74240E-02
  2.00378E-02  2.48159E-02  3.02508E-02  3.15982E-02
  4.16294E-02  5.90550E-02  3.02502E-02  1.14054E-02  5.66106E-03  5.66107E-03
  1.14056E-02  3.02508E-02  5.90560E-02  4.16294E-02
  1.47909E-01  4.16293E-02  3.15976E-02  9.01097E-03  3.41321E-03  3.41328E-03
  9.01097E-03  3.15982E-02  4.16294E-02  1.47909E-01
  4.16294E-02  5.90550E-02  3.02502E-02  1.14054E-02  5.66106E-03  5.66107E-03
  1.14056E-02  3.02508E-02  5.90560E-02  4.16294E-02
  5.90550E-02  8.19526E-02  5.78176E-02  2.69008E-02  1.13800E-02  5.53637E-03
  5.90974E-03  1.35889E-02  3.19671E-02  5.90550E-02
  3.02502E-02  5.78176E-02  5.97118E-02  4.95071E-02  2.83475E-02  1.21334E-02
  6.85802E-03  7.42955E-03  1.35891E-02  3.02502E-02
  1.14054E-02  2.69008E-02  4.95071E-02  7.54376E-02  6.23327E-02  3.20197E-02
  1.43784E-02  6.85784E-03  5.90961E-03  1.14054E-02
  5.66106E-03  1.13800E-02  2.83475E-02  6.23327E-02  7.02933E-02  4.78620E-02
  3.20198E-02  1.21339E-02  5.53630E-03  5.66106E-03
  5.66107E-03  5.53637E-03  1.21334E-02  3.20197E-02  4.78620E-02  7.02932E-02
  6.23321E-02  2.83473E-02  1.13802E-02  5.66107E-03
  1.14056E-02  5.90974E-03  6.85802E-03  1.43784E-02  3.20198E-02  6.23321E-02
  7.54373E-02  4.95067E-02  2.69013E-02  1.14056E-02
  3.02508E-02  1.35889E-02  7.42955E-03  6.85784E-03  1.21339E-02  2.83473E-02
  4.95067E-02  5.97122E-02  5.78172E-02  3.02508E-02
  5.90560E-02  3.19671E-02  1.35891E-02  5.90961E-03  5.53630E-03  1.13802E-02
  2.69013E-02  5.78172E-02  8.19518E-02  5.90560E-02
  4.16294E-02  5.90550E-02  3.02502E-02  1.14054E-02  5.66106E-03  5.66107E-03
  1.14056E-02  3.02508E-02  5.90560E-02  4.16294E-02
  3.15982E-02  3.02502E-02  2.48161E-02  2.00379E-02  1.74243E-02  1.74240E-02
  2.00378E-02  2.48159E-02  3.02508E-02  3.15982E-02
  3.02502E-02  5.78162E-02  5.97122E-02  4.95071E-02  2.83474E-02  1.21339E-02
  6.85802E-03  7.42906E-03  1.35889E-02  3.02502E-02
  2.48161E-02  5.97122E-02  6.71938E-02  2.63626E-02  3.91085E-02  1.18265E-02
  4.10900E-03  3.35021E-03  7.42955E-03  2.48161E-02
  2.00379E-02  4.95071E-02  2.63626E-02  5.93817E-02  4.57530E-02  1.62609E-02
  6.16264E-03  4.10902E-03  6.85784E-03  2.00379E-02
  1.74243E-02  2.83474E-02  3.91085E-02  4.57530E-02  3.82922E-02  2.50985E-02
  1.62605E-02  1.18269E-02  1.21339E-02  1.74243E-02
  1.74240E-02  1.21339E-02  1.18265E-02  1.62609E-02  2.50985E-02  3.82936E-02
  4.57535E-02  3.91092E-02  2.83473E-02  1.74240E-02
  2.00378E-02  6.85802E-03  4.10900E-03  6.16264E-03  1.62605E-02  4.57535E-02
  5.93826E-02  2.63632E-02  4.95067E-02  2.00378E-02
  2.48159E-02  7.42906E-03  3.35021E-03  4.10902E-03  1.18269E-02  3.91092E-02
  2.63632E-02  6.71914E-02  5.97122E-02  2.48159E-02
  3.02508E-02  1.35889E-02  7.42955E-03  6.85784E-03  1.21339E-02  2.83473E-02
  4.95067E-02  5.97122E-02  5.78172E-02  3.02508E-02
  3.15982E-02  3.02502E-02  2.48161E-02  2.00379E-02  1.74243E-02  1.74240E-02
  2.00378E-02  2.48159E-02  3.02508E-02  3.15982E-02
  9.01097E-03  1.14055E-02  2.00379E-02  3.75065E-02  5.05694E-02  5.05693E-02
  3.75065E-02  2.00378E-02  1.14056E-02  9.01097E-03
  1.14055E-02  2.69013E-02  4.95060E-02  7.54373E-02  6.23321E-02  3.20200E-02
  1.43787E-02  6.85802E-03  5.90974E-03  1.14055E-02
  2.00379E-02  4.95060E-02  2.63632E-02  5.93811E-02  4.57533E-02  1.62605E-02
  6.16257E-03  4.10900E-03  6.85802E-03  2.00379E-02
  3.75065E-02  7.54373E-02  5.93811E-02  4.50760E-02  2.47491E-02  8.70499E-03
  4.57312E-03  6.16264E-03  1.43784E-02  3.75065E-02
  5.05694E-02  6.23321E-02  4.57533E-02  2.47491E-02  1.28349E-02  7.92645E-03
  8.70463E-03  1.62605E-02  3.20198E-02  5.05694E-02
  5.05693E-02  3.20200E-02  1.62605E-02  8.70499E-03  7.92645E-03  1.28349E-02
  2.47489E-02  4.57535E-02  6.23321E-02  5.05693E-02
  3.75065E-02  1.43787E-02  6.16257E-03  4.57312E-03  8.70463E-03  2.47489E-02
  4.50760E-02  5.93826E-02  7.54373E-02  3.75065E-02
  2.00378E-02  6.85802E-03  4.10900E-03  6.16264E-03  1.62605E-02  4.57535E-02
  5.93826E-02  2.63632E-02  4.95067E-02  2.00378E-02
  1.14056E-02  5.90974E-03  6.85802E-03  1.43784E-02  3.20198E-02  6.23321E-02
  7.54373E-02  4.95067E-02  2.69013E-02  1.14056E-02
  9.01097E-03  1.14055E-02  2.00379E-02  3.75065E-02  5.05694E-02  5.05693E-02
  3.75065E-02  2.00378E-02  1.14056E-02  9.01097E-03
  3.41328E-03  5.66111E-03  1.74243E-02  5.05695E-02  2.73548E-02  2.73542E-02
  5.05693E-02  1.74240E-02  5.66107E-03  3.41328E-03
  5.66111E-03  1.13801E-02  2.83481E-02  6.23319E-02  7.02935E-02  4.78620E-02
  3.20200E-02  1.21339E-02  5.53637E-03  5.66111E-03
  1.74243E-02  2.83481E-02  3.91089E-02  4.57530E-02  3.82936E-02  2.50987E-02
  1.62605E-02  1.18265E-02  1.21334E-02  1.74243E-02
  5.05695E-02  6.23319E-02  4.57530E-02  2.47489E-02  1.28353E-02  7.92668E-03
  8.70499E-03  1.62609E-02  3.20197E-02  5.05695E-02
  2.73548E-02  7.02935E-02  3.82936E-02  1.28353E-02  5.01381E-03  3.86708E-03
  7.92645E-03  2.50985E-02  4.78620E-02  2.73548E-02
  2.73542E-02  4.78620E-02  2.50987E-02  7.92668E-03  3.86708E-03  5.01406E-03
  1.28349E-02  3.82936E-02  7.02932E-02  2.73542E-02
  5.05693E-02  3.20200E-02  1.62605E-02  8.70499E-03  7.92645E-03  1.28349E-02
  2.47489E-02  4.57535E-02  6.23321E-02  5.05693E-02
  1.74240E-02  1.21339E-02  1.18265E-02  1.62609E-02  2.50985E-02  3.82936E-02
  4.57535E-02  3.91092E-02  2.83473E-02  1.74240E-02
  5.66107E-03  5.53637E-03  1.21334E-02  3.20197E-02  4.78620E-02  7.02932E-02
  6.23321E-02  2.83473E-02  1.13802E-02  5.66107E-03
  3.41328E-03  5.66111E-03  1.74243E-02  5.05695E-02  2.73548E-02  2.73542E-02
  5.05693E-02  1.74240E-02  5.66107E-03  3.41328E-03
  3.41321E-03  5.66107E-03  1.74243E-02  5.05693E-02  2.73542E-02  2.73548E-02
  5.05694E-02  1.74243E-02  5.66106E-03  3.41321E-03
  5.66107E-03  5.53619E-03  1.21338E-02  3.20197E-02  4.78618E-02  7.02935E-02
  6.23321E-02  2.83474E-02  1.13800E-02  5.66107E-03
  1.74243E-02  1.21338E-02  1.18273E-02  1.62606E-02  2.50992E-02  3.82936E-02
  4.57533E-02  3.91085E-02  2.83475E-02  1.74243E-02
  5.05693E-02  3.20197E-02  1.62606E-02  8.70471E-03  7.92668E-03  1.28353E-02
  2.47491E-02  4.57530E-02  6.23327E-02  5.05693E-02
  2.73542E-02  4.78618E-02  2.50992E-02  7.92668E-03  3.86727E-03  5.01381E-03
  1.28349E-02  3.82922E-02  7.02933E-02  2.73542E-02
  2.73548E-02  7.02935E-02  3.82936E-02  1.28353E-02  5.01381E-03  3.86708E-03
  7.92645E-03  2.50985E-02  4.78620E-02  2.73548E-02
  5.05694E-02  6.23321E-02  4.57533E-02  2.47491E-02  1.28349E-02  7.92645E-03
  8.70463E-03  1.62605E-02  3.20198E-02  5.05694E-02
  1.74243E-02  2.83474E-02  3.91085E-02  4.57530E-02  3.82922E-02  2.50985E-02
  1.62605E-02  1.18269E-02  1.21339E-02  1.74243E-02
  5.66106E-03  1.13800E-02  2.83475E-02  6.23327E-02  7.02933E-02  4.78620E-02
  3.20198E-02  1.21339E-02  5.53630E-03  5.66106E-03
  3.41321E-03  5.66107E-03  1.74243E-02  5.05693E-02  2.73542E-02  2.73548E-02
  5.05694E-02  1.74243E-02  5.66106E-03  3.41321E-03
  9.01097E-03  1.14055E-02  2.00382E-02  3.75065E-02  5.05693E-02  5.05695E-02
  3.75065E-02  2.00379E-02  1.14054E-02  9.01097E-03
  1.14055E-02  5.90961E-03  6.85789E-03  1.43786E-02  3.20197E-02  6.23319E-02
  7.54373E-02  4.95071E-02  2.69008E-02  1.14055E-02
  2.00382E-02  6.85789E-03  4.10902E-03  6.16252E-03  1.62606E-02  4.57530E-02
  5.93811E-02  2.63626E-02  4.95071E-02  2.00382E-02
  3.75065E-02  1.43786E-02  6.16252E-03  4.57312E-03  8.70471E-03  2.47489E-02
  4.50760E-02  5.93817E-02  7.54376E-02  3.75065E-02
  5.05693E-02  3.20197E-02  1.62606E-02  8.70471E-03  7.92668E-03  1.28353E-02
  2.47491E-02  4.57530E-02  6.23327E-02  5.05693E-02
  5.05695E-02  6.23319E-02  4.57530E-02  2.47489E-02  1.28353E-02  7.92668E-03
  8.70499E-03  1.62609E-02  3.20197E-02  5.05695E-02
  3.75065E-02  7.54373E-02  5.93811E-02  4.50760E-02  2.47491E-02  8.70499E-03
  4.57312E-03  6.16264E-03  1.43784E-02  3.75065E-02
  2.00379E-02  4.95071E-02  2.63626E-02  5.93817E-02  4.57530E-02  1.62609E-02
  6.16264E-03  4.10902E-03  6.85784E-03  2.00379E-02
  1.14054E-02  2.69008E-02  4.95071E-02  7.54376E-02  6.23327E-02  3.20197E-02
  1.43784E-02  6.85784E-03  5.90961E-03  1.14054E-02
  9.01097E-03  1.14055E-02  2.00382E-02  3.75065E-02  5.05693E-02  5.05695E-02
  3.75065E-02  2.00379E-02  1.14054E-02  9.01097E-03
  3.15976E-02  3.02503E-02  2.48159E-02  2.00382E-02  1.74243E-02  1.74243E-02
  2.00379E-02  2.48161E-02  3.02502E-02  3.15976E-02
  3.02503E-02  1.35891E-02  7.42940E-03  6.85789E-03  1.21338E-02  2.83481E-02
  4.95060E-02  5.97122E-02  5.78176E-02  3.02503E-02
  2.48159E-02  7.42940E-03  3.34991E-03  4.10902E-03  1.18273E-02  3.91089E-02
  2.63632E-02  6.71938E-02  5.97118E-02  2.48159E-02
  2.00382E-02  6.85789E-03  4.10902E-03  6.16252E-03  1.62606E-02  4.57530E-02
  5.93811E-02  2.63626E-02  4.95071E-02  2.00382E-02
  1.74243E-02  1.21338E-02  1.18273E-02  1.62606E-02  2.50992E-02  3.82936E-02
  4.57533E-02  3.91085E-02  2.83475E-02  1.74243E-02
  1.74243E-02  2.83481E-02  3.91089E-02  4.57530E-02  3.82936E-02  2.50987E-02
  1.62605E-02  1.18265E-02  1.21334E-02  1.74243E-02
  2.00379E-02  4.95060E-02  2.63632E-02  5.93811E-02  4.57533E-02  1.62605E-02
  6.16257E-03  4.10900E-03  6.85802E-03  2.00379E-02
  2.48161E-02  5.97122E-02  6.71938E-02  2.63626E-02  3.91085E-02  1.18265E-02
  4.10900E-03  3.35021E-03  7.42955E-03  2.48161E-02
  3.02502E-02  5.78176E-02  5.97118E-02  4.95071E-02  2.83475E-02  1.21334E-02
  6.85802E-03  7.42955E-03  1.35891E-02  3.02502E-02
  3.15976E-02  3.02503E-02  2.48159E-02  2.00382E-02  1.74243E-02  1.74243E-02
  2.00379E-02  2.48161E-02  3.02502E-02  3.15976E-02
  4.16293E-02  5.90560E-02  3.02503E-02  1.14055E-02  5.66107E-03  5.66111E-03
  1.14055E-02  3.02502E-02  5.90550E-02  4.16293E-02
  5.90560E-02  3.19670E-02  1.35891E-02  5.90961E-03  5.53619E-03  1.13801E-02
  2.69013E-02  5.78162E-02  8.19526E-02  5.90560E-02
  3.02503E-02  1.35891E-02  7.42940E-03  6.85789E-03  1.21338E-02  2.83481E-02
  4.95060E-02  5.97122E-02  5.78176E-02  3.02503E-02
  1.14055E-02  5.90961E-03  6.85789E-03  1.43786E-02  3.20197E-02  6.23319E-02
  7.54373E-02  4.95071E-02  2.69008E-02  1.14055E-02
  5.66107E-03  5.53619E-03  1.21338E-02  3.20197E-02  4.78618E-02  7.02935E-02
  6.23321E-02  2.83474E-02  1.13800E-02  5.66107E-03
  5.66111E-03  1.13801E-02  2.83481E-02  6.23319E-02  7.02935E-02  4.78620E-02
  3.20200E-02  1.21339E-02  5.53637E-03  5.66111E-03
  1.14055E-02  2.69013E-02  4.95060E-02  7.54373E-02  6.23321E-02  3.20200E-02
  1.43787E-02  6.85802E-03  5.90974E-03  1.14055E-02
  3.02502E-02  5.78162E-02  5.97122E-02  4.95071E-02  2.83474E-02  1.21339E-02
  6.85802E-03  7.42906E-03  1.35889E-02  3.02502E-02
  5.90550E-02  8.19526E-02  5.78176E-02  2.69008E-02  1.13800E-02  5.53637E-03
  5.90974E-03  1.35889E-02  3.19671E-02  5.90550E-02
  4.16293E-02  5.90560E-02  3.02503E-02  1.14055E-02  5.66107E-03  5.66111E-03
  1.14055E-02  3.02502E-02  5.90550E-02  4.16293E-02
  1.47909E-01  4.16293E-02  3.15976E-02  9.01097E-03  3.41321E-03  3.41328E-03
  9.01097E-03  3.15982E-02  4.16294E-02  1.47909E-01
  4.16293E-02  5.90560E-02  3.02503E-02  1.14055E-02  5.66107E-03  5.66111E-03
  1.14055E-02  3.02502E-02  5.90550E-02  4.16293E-02
  3.15976E-02  3.02503E-02  2.48159E-02  2.00382E-02  1.74243E-02  1.74243E-02
  2.00379E-02  2.48161E-02  3.02502E-02  3.15976E-02
  9.01097E-03  1.14055E-02  2.00382E-02  3.75065E-02  5.05693E-02  5.05695E-02
  3.75065E-02  2.00379E-02  1.14054E-02  9.01097E-03
  3.41321E-03  5.66107E-03  1.74243E-02  5.05693E-02  2.73542E-02  2.73548E-02
  5.05694E-02  1.74243E-02  5.66106E-03  3.41321E-03
  3.41328E-03  5.66111E-03  1.74243E-02  5.05695E-02  2.73548E-02  2.73542E-02
  5.05693E-02  1.74240E-02  5.66107E-03  3.41328E-03
  9.01097E-03  1.14055E-02  2.00379E-02  3.75065E-02  5.05694E-02  5.05693E-02
  3.75065E-02  2.00378E-02  1.14056E-02  9.01097E-03
  3.15982E-02  3.02502E-02  2.48161E-02  2.00379E-02  1.74243E-02  1.74240E-02
  2.00378E-02  2.48159E-02  3.02508E-02  3.15982E-02
  4.16294E-02  5.90550E-02  3.02502E-02  1.14054E-02  5.66106E-03  5.66107E-03
  1.14056E-02  3.02508E-02  5.90560E-02  4.16294E-02
  1.47909E-01  4.16293E-02  3.15976E-02  9.01097E-03  3.41321E-03  3.41328E-03
  9.01097E-03  3.15982E-02  4.16294E-02  1.47909E-01
