3.800000000000000000e+02 2.268867113439787087e+00
3.810000000000000000e+02 2.220526601642878628e+00
3.820000000000000000e+02 2.173105071533931287e+00
3.830000000000000000e+02 2.127392110511390655e+00
3.840000000000000000e+02 2.083993266506942277e+00
3.850000000000000000e+02 2.043347849524736581e+00
3.860000000000000000e+02 2.005751681814192278e+00
3.870000000000000000e+02 1.971381603816599881e+00
3.880000000000000000e+02 1.940319440270664719e+00
3.890000000000000000e+02 1.912573945261876407e+00
3.900000000000000000e+02 1.888099920097881190e+00
3.910000000000000000e+02 1.866832668935793249e+00
3.920000000000000000e+02 1.848647548419646514e+00
3.930000000000000000e+02 1.833420941897693446e+00
3.940000000000000000e+02 1.821022180237295007e+00
3.950000000000000000e+02 1.811319247633551122e+00
3.960000000000000000e+02 1.804206093207195272e+00
3.970000000000000000e+02 1.799541702776667584e+00
3.980000000000000000e+02 1.797203809925966178e+00
3.990000000000000000e+02 1.797098499743746913e+00
4.000000000000000000e+02 1.799132232537847598e+00
4.010000000000000000e+02 1.803196069715987004e+00
4.020000000000000000e+02 1.809235240235204545e+00
4.030000000000000000e+02 1.817164134423609356e+00
4.040000000000000000e+02 1.826922848935076837e+00
4.050000000000000000e+02 1.838469375128092498e+00
4.060000000000000000e+02 1.851742098436094164e+00
4.070000000000000000e+02 1.866723930656768893e+00
4.080000000000000000e+02 1.883365907974149156e+00
4.090000000000000000e+02 1.901659245621064143e+00
4.100000000000000000e+02 1.921580650886683284e+00
4.110000000000000000e+02 1.943113858413072936e+00
4.120000000000000000e+02 1.966274432841771613e+00
4.130000000000000000e+02 1.991038642451454344e+00
4.140000000000000000e+02 2.017426926717118096e+00
4.150000000000000000e+02 2.045454800438774257e+00
4.160000000000000000e+02 2.075123824441299725e+00
4.170000000000000000e+02 2.106458569728193897e+00
4.180000000000000000e+02 2.139506404397885309e+00
4.190000000000000000e+02 2.174276540124085777e+00
4.200000000000000000e+02 2.210805643290966405e+00
4.210000000000000000e+02 2.249135046284925998e+00
4.220000000000000000e+02 2.289319098523476814e+00
4.230000000000000000e+02 2.331409470169769627e+00
4.240000000000000000e+02 2.375451683272813419e+00
4.250000000000000000e+02 2.421506236388806688e+00
4.260000000000000000e+02 2.469638663998850792e+00
4.270000000000000000e+02 2.519919673256417081e+00
4.280000000000000000e+02 2.572425298535435445e+00
4.290000000000000000e+02 2.627237073123349642e+00
4.300000000000000000e+02 2.684442217344805925e+00
4.310000000000000000e+02 2.744133842310295890e+00
4.320000000000000000e+02 2.806411168355688712e+00
4.330000000000000000e+02 2.871379757068404537e+00
4.340000000000000000e+02 2.939151755579101799e+00
4.350000000000000000e+02 3.009846151528863256e+00
4.360000000000000000e+02 3.083589036795633120e+00
4.370000000000000000e+02 3.160513877674526295e+00
4.380000000000000000e+02 3.240761788749846772e+00
4.390000000000000000e+02 3.324481807168293113e+00
4.400000000000000000e+02 3.411854823168777084e+00
4.410000000000000000e+02 3.503050564165611114e+00
4.420000000000000000e+02 3.598226873696359185e+00
4.430000000000000000e+02 3.697568616699725030e+00
4.440000000000000000e+02 3.801269975743188478e+00
4.450000000000000000e+02 3.909592671707840417e+00
4.460000000000000000e+02 4.022735027273668607e+00
4.470000000000000000e+02 4.140896015650930018e+00
4.480000000000000000e+02 4.264318150393934026e+00
4.490000000000000000e+02 4.393369401340979863e+00
4.500000000000000000e+02 4.528199548938724561e+00
4.510000000000000000e+02 4.669083601313976040e+00
4.520000000000000000e+02 4.816471144727117348e+00
4.530000000000000000e+02 4.970500166532801245e+00
4.540000000000000000e+02 5.131558720723904621e+00
4.550000000000000000e+02 5.300026671613029094e+00
4.560000000000000000e+02 5.476091015437087428e+00
4.570000000000000000e+02 5.660370786015726630e+00
4.580000000000000000e+02 5.852936969530467159e+00
4.590000000000000000e+02 6.054400003633635841e+00
4.600000000000000000e+02 6.264924189051661152e+00
4.610000000000000000e+02 6.485075044635614461e+00
4.620000000000000000e+02 6.715020917109908893e+00
4.630000000000000000e+02 6.955354417461635741e+00
4.640000000000000000e+02 7.206127901283834625e+00
4.650000000000000000e+02 7.468049900076669800e+00
4.660000000000000000e+02 7.741032460616697364e+00
4.670000000000000000e+02 8.025618094076307329e+00
4.680000000000000000e+02 8.321874038280517638e+00
4.690000000000000000e+02 8.629872397696829012e+00
4.700000000000000000e+02 8.949988725921439681e+00
4.710000000000000000e+02 9.281863421701288530e+00
4.720000000000000000e+02 9.625463517638666033e+00
4.730000000000000000e+02 9.980685949639244825e+00
4.740000000000000000e+02 1.034686058436937017e+01
4.750000000000000000e+02 1.072340566303723897e+01
4.760000000000000000e+02 1.110976763595129135e+01
4.770000000000000000e+02 1.150465245867298592e+01
4.780000000000000000e+02 1.190679710014433113e+01
4.790000000000000000e+02 1.231467876551183238e+01
4.800000000000000000e+02 1.272649080407419397e+01
4.810000000000000000e+02 1.313998215579161055e+01
4.820000000000000000e+02 1.355270369775297468e+01
4.830000000000000000e+02 1.396189758366498523e+01
4.840000000000000000e+02 1.436450187086985153e+01
4.850000000000000000e+02 1.475699582051448822e+01
4.860000000000000000e+02 1.513593749484322082e+01
4.870000000000000000e+02 1.549760886426478024e+01
4.880000000000000000e+02 1.583819747079805929e+01
4.890000000000000000e+02 1.615388438438618479e+01
4.900000000000000000e+02 1.644094462189713823e+01
4.910000000000000000e+02 1.669585629118428116e+01
4.920000000000000000e+02 1.691541341591832293e+01
4.930000000000000000e+02 1.709683635385696121e+01
4.940000000000000000e+02 1.723787312394394533e+01
4.950000000000000000e+02 1.733674246207903380e+01
4.960000000000000000e+02 1.739267935358477146e+01
4.970000000000000000e+02 1.740544257823384910e+01
4.980000000000000000e+02 1.737550753813792426e+01
4.990000000000000000e+02 1.730404443101248901e+01
5.000000000000000000e+02 1.719286895485980438e+01
5.010000000000000000e+02 1.704420359363654214e+01
5.020000000000000000e+02 1.686107056630842749e+01
5.030000000000000000e+02 1.664673602490622528e+01
5.040000000000000000e+02 1.640473451680227868e+01
5.050000000000000000e+02 1.613875920159500055e+01
5.060000000000000000e+02 1.585255843868010572e+01
5.070000000000000000e+02 1.554984305321438498e+01
5.080000000000000000e+02 1.523420720779589566e+01
5.090000000000000000e+02 1.490906444136418862e+01
5.100000000000000000e+02 1.457759921898531807e+01
5.110000000000000000e+02 1.424272612593971132e+01
5.120000000000000000e+02 1.390716897135493824e+01
5.130000000000000000e+02 1.357329313240459889e+01
5.140000000000000000e+02 1.324314706339328751e+01
5.150000000000000000e+02 1.291849677723124046e+01
5.160000000000000000e+02 1.260089158407753018e+01
5.170000000000000000e+02 1.229176401878930669e+01
5.180000000000000000e+02 1.199197650855551345e+01
5.190000000000000000e+02 1.170233640309421297e+01
5.200000000000000000e+02 1.142347114259060703e+01
5.210000000000000000e+02 1.115626889548713052e+01
5.220000000000000000e+02 1.090068581974396267e+01
5.230000000000000000e+02 1.065692717483556606e+01
5.240000000000000000e+02 1.042530466217270835e+01
5.250000000000000000e+02 1.020595270187277315e+01
5.260000000000000000e+02 9.998536421782116435e+00
5.270000000000000000e+02 9.803075278798370817e+00
5.280000000000000000e+02 9.619743054133452986e+00
5.290000000000000000e+02 9.447931793254932487e+00
5.300000000000000000e+02 9.287621222136147381e+00
5.310000000000000000e+02 9.138807413014761849e+00
5.320000000000000000e+02 9.000853885854766645e+00
5.330000000000000000e+02 8.873899545356957574e+00
5.340000000000000000e+02 8.757541603823032261e+00
5.350000000000000000e+02 8.651380990859090403e+00
5.360000000000000000e+02 8.555652933205989186e+00
5.370000000000000000e+02 8.469569145858347525e+00
5.380000000000000000e+02 8.393368301349374505e+00
5.390000000000000000e+02 8.326519982215389248e+00
5.400000000000000000e+02 8.268961086431387386e+00
5.410000000000000000e+02 8.220501020130903669e+00
5.420000000000000000e+02 8.180833963189295233e+00
5.430000000000000000e+02 8.149988995047802831e+00
5.440000000000000000e+02 8.127533087328785655e+00
5.450000000000000000e+02 8.113603979950797296e+00
5.460000000000000000e+02 8.107744863158407256e+00
5.470000000000000000e+02 8.110098735472320186e+00
5.480000000000000000e+02 8.120278605573330921e+00
5.490000000000000000e+02 8.138335313714252450e+00
5.500000000000000000e+02 8.164037269009600806e+00
5.510000000000000000e+02 8.197250630041178709e+00
5.520000000000000000e+02 8.237977575546416631e+00
5.530000000000000000e+02 8.285812041266645167e+00
5.540000000000000000e+02 8.341060333358923273e+00
5.550000000000000000e+02 8.403124097020219452e+00
5.560000000000000000e+02 8.472191504795279826e+00
5.570000000000000000e+02 8.547954566420209233e+00
5.580000000000000000e+02 8.630154679405219298e+00
5.590000000000000000e+02 8.718948075895164962e+00
5.600000000000000000e+02 8.813763988958296380e+00
5.610000000000000000e+02 8.914552358646325558e+00
5.620000000000000000e+02 9.021138128678989787e+00
5.630000000000000000e+02 9.133043315366707660e+00
5.640000000000000000e+02 9.250141081922565789e+00
5.650000000000000000e+02 9.372082642159664800e+00
5.660000000000000000e+02 9.498367215040330436e+00
5.670000000000000000e+02 9.628692438447693291e+00
5.680000000000000000e+02 9.762640776131744857e+00
5.690000000000000000e+02 9.899601772324341908e+00
5.700000000000000000e+02 1.003906073971362289e+01
5.710000000000000000e+02 1.018053183440234655e+01
5.720000000000000000e+02 1.032327038656675278e+01
5.730000000000000000e+02 1.046661925477924093e+01
5.740000000000000000e+02 1.060986557114997275e+01
5.750000000000000000e+02 1.075219665852560524e+01
5.760000000000000000e+02 1.089282797729509511e+01
5.770000000000000000e+02 1.103093115741375030e+01
5.780000000000000000e+02 1.116564559312474358e+01
5.790000000000000000e+02 1.129586453904499876e+01
5.800000000000000000e+02 1.142082843156802241e+01
5.810000000000000000e+02 1.153963005079978821e+01
5.820000000000000000e+02 1.165135690833683135e+01
5.830000000000000000e+02 1.175510807799805235e+01
5.840000000000000000e+02 1.184966704357334422e+01
5.850000000000000000e+02 1.193446323213774818e+01
5.860000000000000000e+02 1.200873213003494655e+01
5.870000000000000000e+02 1.207174755982936354e+01
5.880000000000000000e+02 1.212285604762841373e+01
5.890000000000000000e+02 1.216148781594147898e+01
5.900000000000000000e+02 1.218696659976525432e+01
5.910000000000000000e+02 1.219893487277089683e+01
5.920000000000000000e+02 1.219732092328592366e+01
5.930000000000000000e+02 1.218198164030543929e+01
5.940000000000000000e+02 1.215288898765573755e+01
5.950000000000000000e+02 1.211012994466676496e+01
5.960000000000000000e+02 1.205390419114619860e+01
5.970000000000000000e+02 1.198451961544887467e+01
5.980000000000000000e+02 1.190238580317772943e+01
5.990000000000000000e+02 1.180800573406665066e+01
6.000000000000000000e+02 1.170196597203995559e+01
6.010000000000000000e+02 1.158479142440791065e+01
6.020000000000000000e+02 1.145736983813149479e+01
6.030000000000000000e+02 1.132046779683211390e+01
6.040000000000000000e+02 1.117488710194200330e+01
6.050000000000000000e+02 1.102145275128391511e+01
6.060000000000000000e+02 1.086100142881460684e+01
6.070000000000000000e+02 1.069437074227530360e+01
6.080000000000000000e+02 1.052238939642152005e+01
6.090000000000000000e+02 1.034586843865313988e+01
6.100000000000000000e+02 1.016559366403369680e+01
6.110000000000000000e+02 9.982319220185754460e+00
6.120000000000000000e+02 9.796762411122719172e+00
6.130000000000000000e+02 9.609599663883511056e+00
6.140000000000000000e+02 9.421463593470569720e+00
6.150000000000000000e+02 9.232941080163943326e+00
6.160000000000000000e+02 9.044572258499638195e+00
6.170000000000000000e+02 8.856850308473056543e+00
6.180000000000000000e+02 8.670233641386456469e+00
6.190000000000000000e+02 8.485134777792007199e+00
6.200000000000000000e+02 8.301903054947750604e+00
6.210000000000000000e+02 8.120853483072604462e+00
6.220000000000000000e+02 7.942260985503740045e+00
6.230000000000000000e+02 7.766362819482004021e+00
6.240000000000000000e+02 7.593361118273723953e+00
6.250000000000000000e+02 7.423425491956718858e+00
6.260000000000000000e+02 7.256695634498384173e+00
6.270000000000000000e+02 7.093283894386441801e+00
6.280000000000000000e+02 6.933277774860965081e+00
6.290000000000000000e+02 6.776803311832114929e+00
6.300000000000000000e+02 6.623917643006595135e+00
6.310000000000000000e+02 6.474582937735684496e+00
6.320000000000000000e+02 6.328808433951801149e+00
6.330000000000000000e+02 6.186589379450292192e+00
6.340000000000000000e+02 6.047908778826688092e+00
6.350000000000000000e+02 5.912738995710182799e+00
6.360000000000000000e+02 5.781140449830915351e+00
6.370000000000000000e+02 5.653047645638099361e+00
6.380000000000000000e+02 5.528334317724272751e+00
6.390000000000000000e+02 5.406942316972918050e+00
6.400000000000000000e+02 5.288809033521786773e+00
6.410000000000000000e+02 5.173874317041629034e+00
6.420000000000000000e+02 5.062247047671021072e+00
6.430000000000000000e+02 4.953669718456928273e+00
6.440000000000000000e+02 4.848068650415654268e+00
6.450000000000000000e+02 4.745369230166748054e+00
6.460000000000000000e+02 4.645548428168472910e+00
6.470000000000000000e+02 4.548621905531361698e+00
6.480000000000000000e+02 4.454366587364463115e+00
6.490000000000000000e+02 4.362707489333076616e+00
6.500000000000000000e+02 4.273570463652004214e+00
6.510000000000000000e+02 4.187078840465399132e+00
6.520000000000000000e+02 4.102957628503800969e+00
6.530000000000000000e+02 4.021135961385294166e+00
6.540000000000000000e+02 3.941564738758177366e+00
6.550000000000000000e+02 3.864328308345033935e+00
6.560000000000000000e+02 3.789180525222993534e+00
6.570000000000000000e+02 3.716056831569605201e+00
6.580000000000000000e+02 3.644987313860391875e+00
6.590000000000000000e+02 3.575909981644294078e+00
6.600000000000000000e+02 3.508665530805079147e+00
6.610000000000000000e+02 3.443214195203231132e+00
6.620000000000000000e+02 3.379647357979512545e+00
6.630000000000000000e+02 3.317737954165690173e+00
6.640000000000000000e+02 3.257433876860094557e+00
6.650000000000000000e+02 3.198842496631941312e+00
6.660000000000000000e+02 3.141769466968197477e+00
6.670000000000000000e+02 3.086147253845336280e+00
6.680000000000000000e+02 3.032074155021121431e+00
6.690000000000000000e+02 2.979383564173608168e+00
6.700000000000000000e+02 2.928004179466008328e+00
6.710000000000000000e+02 2.878047158411554118e+00
6.720000000000000000e+02 2.829327799636205398e+00
6.730000000000000000e+02 2.781812023587619365e+00
6.740000000000000000e+02 2.735586459768515777e+00
6.750000000000000000e+02 2.690467136513241542e+00
6.760000000000000000e+02 2.646484439893358243e+00
6.770000000000000000e+02 2.603629418607227741e+00
6.780000000000000000e+02 2.561775872003222432e+00
6.790000000000000000e+02 2.521013179020815898e+00
6.800000000000000000e+02 2.481217206946539022e+00
6.810000000000000000e+02 2.442367614604076920e+00
6.820000000000000000e+02 2.404502669770162360e+00
6.830000000000000000e+02 2.367485954919343882e+00
6.840000000000000000e+02 2.331405766185024042e+00
6.850000000000000000e+02 2.296146659269109769e+00
6.860000000000000000e+02 2.261714491153921980e+00
6.870000000000000000e+02 2.228106625924982431e+00
6.880000000000000000e+02 2.195230452413874822e+00
6.890000000000000000e+02 2.163174564998481042e+00
6.900000000000000000e+02 2.131793602127723730e+00
6.910000000000000000e+02 2.101171488821380162e+00
6.920000000000000000e+02 2.071207126303671764e+00
6.930000000000000000e+02 2.041929925625628250e+00
6.940000000000000000e+02 2.013298767636557240e+00
6.950000000000000000e+02 1.985293172228431713e+00
6.960000000000000000e+02 1.957917378874141301e+00
6.970000000000000000e+02 1.931114586591249349e+00
6.980000000000000000e+02 1.904921492617591250e+00
6.990000000000000000e+02 1.879256920338491454e+00
7.000000000000000000e+02 1.854178677185877033e+00
7.010000000000000000e+02 1.829591690727752296e+00
7.020000000000000000e+02 1.805564931306908427e+00
7.030000000000000000e+02 1.781998591121569664e+00
7.040000000000000000e+02 1.758964116501321673e+00
7.050000000000000000e+02 1.736364938690770687e+00
7.060000000000000000e+02 1.714267425762962427e+00
7.070000000000000000e+02 1.692585157856374867e+00
7.080000000000000000e+02 1.671372886962602999e+00
7.090000000000000000e+02 1.650560297830689471e+00
7.100000000000000000e+02 1.630184899290761713e+00
7.110000000000000000e+02 1.610197582531950999e+00
7.120000000000000000e+02 1.590613800996441896e+00
7.130000000000000000e+02 1.571409991107181270e+00
7.140000000000000000e+02 1.552575466659978032e+00
7.150000000000000000e+02 1.534115867294119084e+00
7.160000000000000000e+02 1.515990932249823731e+00
7.170000000000000000e+02 1.498238555876177935e+00
7.180000000000000000e+02 1.480791352839481823e+00
7.190000000000000000e+02 1.463706064527682038e+00
7.200000000000000000e+02 1.446916527404650932e+00
7.210000000000000000e+02 1.430450749404128086e+00
7.220000000000000000e+02 1.414286902832786685e+00
7.230000000000000000e+02 1.398409022899916421e+00
7.240000000000000000e+02 1.382840728626085092e+00
7.250000000000000000e+02 1.367530631591777901e+00
7.260000000000000000e+02 1.352519921097149469e+00
7.270000000000000000e+02 1.337764862537907717e+00
7.280000000000000000e+02 1.323269819043153328e+00
7.290000000000000000e+02 1.309043658098277607e+00
7.300000000000000000e+02 1.295047595949585961e+00
7.310000000000000000e+02 1.281317018154396692e+00
7.320000000000000000e+02 1.267814626691186497e+00
7.330000000000000000e+02 1.254537834609004587e+00
7.340000000000000000e+02 1.241506384955969544e+00
7.350000000000000000e+02 1.228680494685144842e+00
7.360000000000000000e+02 1.216079716500473751e+00
7.370000000000000000e+02 1.203694063644723311e+00
7.380000000000000000e+02 1.191501027735379248e+00
7.390000000000000000e+02 1.179528688299363859e+00
7.400000000000000000e+02 1.167747539378523269e+00
7.410000000000000000e+02 1.156147022916818257e+00
7.420000000000000000e+02 1.144759471307415399e+00
7.430000000000000000e+02 1.133544643718597644e+00
7.440000000000000000e+02 1.122502531933403214e+00
7.450000000000000000e+02 1.111656494575514520e+00
7.460000000000000000e+02 1.100972653339610918e+00
7.470000000000000000e+02 1.090451061532221821e+00
7.480000000000000000e+02 1.080113053985472638e+00
7.490000000000000000e+02 1.069927473037311616e+00
7.500000000000000000e+02 1.059891558367070274e+00
7.510000000000000000e+02 1.050030549747762887e+00
7.520000000000000000e+02 1.040312894892068130e+00
7.530000000000000000e+02 1.030736026258434190e+00
7.540000000000000000e+02 1.021317794731363637e+00
7.550000000000000000e+02 1.012039926213368801e+00
7.560000000000000000e+02 1.002894589067285569e+00
7.570000000000000000e+02 9.938903867636583733e-01
7.580000000000000000e+02 9.850261795956546385e-01
7.590000000000000000e+02 9.762868242129836283e-01
7.600000000000000000e+02 9.676701386999578824e-01
7.610000000000000000e+02 9.591953190614418423e-01
7.620000000000000000e+02 9.508382013163321211e-01
7.630000000000000000e+02 9.425967509796128185e-01
7.640000000000000000e+02 9.344765568561501645e-01
7.650000000000000000e+02 9.264795931401385021e-01
7.660000000000000000e+02 9.185917711067310698e-01
7.670000000000000000e+02 9.108112295089689781e-01
7.680000000000000000e+02 9.031468309446716303e-01
7.690000000000000000e+02 8.955925215497092529e-01
7.700000000000000000e+02 8.881395294510681104e-01
7.710000000000000000e+02 8.807861499208553546e-01
7.720000000000000000e+02 8.735407612681650447e-01
7.730000000000000000e+02 8.663969732778206145e-01
7.740000000000000000e+02 8.593473423803075217e-01
7.750000000000000000e+02 8.523903054214327923e-01
7.760000000000000000e+02 8.455306346649947846e-01
7.770000000000000000e+02 8.387680013212954755e-01
7.780000000000000000e+02 8.320929650709697478e-01
7.790000000000000000e+02 8.255040909604481891e-01
7.800000000000000000e+02 8.189999710841675551e-01
