3.800000000000000000e+02 2.029709158938394431e+00
3.810000000000000000e+02 1.977260162079949701e+00
3.820000000000000000e+02 1.927967040159742629e+00
3.830000000000000000e+02 1.881951076165345960e+00
3.840000000000000000e+02 1.839287746933820467e+00
3.850000000000000000e+02 1.800004724636758979e+00
3.860000000000000000e+02 1.764085109832524978e+00
3.870000000000000000e+02 1.731473882511731066e+00
3.880000000000000000e+02 1.702085834469996284e+00
3.890000000000000000e+02 1.675813700772160963e+00
3.900000000000000000e+02 1.652535672080910123e+00
3.910000000000000000e+02 1.632138212354407703e+00
3.920000000000000000e+02 1.614473718637313704e+00
3.930000000000000000e+02 1.599410387577259174e+00
3.940000000000000000e+02 1.586820766667889071e+00
3.950000000000000000e+02 1.576583873490367216e+00
3.960000000000000000e+02 1.568606902305205830e+00
3.970000000000000000e+02 1.562770513559287755e+00
3.980000000000000000e+02 1.558974395723006889e+00
3.990000000000000000e+02 1.557144985612893606e+00
4.000000000000000000e+02 1.557210454352141671e+00
4.010000000000000000e+02 1.559085919448414126e+00
4.020000000000000000e+02 1.562735304895660482e+00
4.030000000000000000e+02 1.568095215371115181e+00
4.040000000000000000e+02 1.575125393154688025e+00
4.050000000000000000e+02 1.583802172147063203e+00
4.060000000000000000e+02 1.594083686190431726e+00
4.070000000000000000e+02 1.605969559834120153e+00
4.080000000000000000e+02 1.619429501741169286e+00
4.090000000000000000e+02 1.634471339700949377e+00
4.100000000000000000e+02 1.651089242638540844e+00
4.110000000000000000e+02 1.669284169691781727e+00
4.120000000000000000e+02 1.689088767549741688e+00
4.130000000000000000e+02 1.710497090632742134e+00
4.140000000000000000e+02 1.733547581846976549e+00
4.150000000000000000e+02 1.758274593312733725e+00
4.160000000000000000e+02 1.784698583288811813e+00
4.170000000000000000e+02 1.812864198499094526e+00
4.180000000000000000e+02 1.842841199045917033e+00
4.190000000000000000e+02 1.874659776634991060e+00
4.200000000000000000e+02 1.908379820639274138e+00
4.210000000000000000e+02 1.944067150063157445e+00
4.220000000000000000e+02 1.981802882365689245e+00
4.230000000000000000e+02 2.021666221874710345e+00
4.240000000000000000e+02 2.063730079374051396e+00
4.250000000000000000e+02 2.108084673867402170e+00
4.260000000000000000e+02 2.154826431446764889e+00
4.270000000000000000e+02 2.204057946303068505e+00
4.280000000000000000e+02 2.255887874102374013e+00
4.290000000000000000e+02 2.310430737006062607e+00
4.300000000000000000e+02 2.367806615683714533e+00
4.310000000000000000e+02 2.428140699199414332e+00
4.320000000000000000e+02 2.491562658659170815e+00
4.330000000000000000e+02 2.558205805046119163e+00
4.340000000000000000e+02 2.628205985863784733e+00
4.350000000000000000e+02 2.701700169268673513e+00
4.360000000000000000e+02 2.778824658635909994e+00
4.370000000000000000e+02 2.859712875455831860e+00
4.380000000000000000e+02 2.944492644787730651e+00
4.390000000000000000e+02 3.033282916105872751e+00
4.400000000000000000e+02 3.126216060642600159e+00
4.410000000000000000e+02 3.223382765931525729e+00
4.420000000000000000e+02 3.324828002417600015e+00
4.430000000000000000e+02 3.430587515311083191e+00
4.440000000000000000e+02 3.540660387450847768e+00
4.450000000000000000e+02 3.655051630651507732e+00
4.460000000000000000e+02 3.773637281580473068e+00
4.470000000000000000e+02 3.896226462831998916e+00
4.480000000000000000e+02 4.022584223353782740e+00
4.490000000000000000e+02 4.152448995217663530e+00
4.500000000000000000e+02 4.285317939825094236e+00
4.510000000000000000e+02 4.420666909492329211e+00
4.520000000000000000e+02 4.557884263106356748e+00
4.530000000000000000e+02 4.696144922143038691e+00
4.540000000000000000e+02 4.834564592239023462e+00
4.550000000000000000e+02 4.972099303328088027e+00
4.560000000000000000e+02 5.107649880764974171e+00
4.570000000000000000e+02 5.239875598287315306e+00
4.580000000000000000e+02 5.367593741024832887e+00
4.590000000000000000e+02 5.489308872733723810e+00
4.600000000000000000e+02 5.603814836330602844e+00
4.610000000000000000e+02 5.709644514939667737e+00
4.620000000000000000e+02 5.805778282880546648e+00
4.630000000000000000e+02 5.890921156252108659e+00
4.640000000000000000e+02 5.964533303999935754e+00
4.650000000000000000e+02 6.025569670566565783e+00
4.660000000000000000e+02 6.074118630493661186e+00
4.670000000000000000e+02 6.109808114405323565e+00
4.680000000000000000e+02 6.133035566107476910e+00
4.690000000000000000e+02 6.144389914337599734e+00
4.700000000000000000e+02 6.144360281532703638e+00
4.710000000000000000e+02 6.134254299347181139e+00
4.720000000000000000e+02 6.115141113297693387e+00
4.730000000000000000e+02 6.088212313507744611e+00
4.740000000000000000e+02 6.054999475644396334e+00
4.750000000000000000e+02 6.016865628523202503e+00
4.760000000000000000e+02 5.975104480343877533e+00
4.770000000000000000e+02 5.931149057468172003e+00
4.780000000000000000e+02 5.886231607000648403e+00
4.790000000000000000e+02 5.841496572524556008e+00
4.800000000000000000e+02 5.798022855755013971e+00
4.810000000000000000e+02 5.756723194648843744e+00
4.820000000000000000e+02 5.718404443132745207e+00
4.830000000000000000e+02 5.683765025024928974e+00
4.840000000000000000e+02 5.653404821802840097e+00
4.850000000000000000e+02 5.627899682023923766e+00
4.860000000000000000e+02 5.607591872214610085e+00
4.870000000000000000e+02 5.592818695151515307e+00
4.880000000000000000e+02 5.583853173945120929e+00
4.890000000000000000e+02 5.580913745067167753e+00
4.900000000000000000e+02 5.584173391401856534e+00
4.910000000000000000e+02 5.593768048907825197e+00
4.920000000000000000e+02 5.609804195975446106e+00
4.930000000000000000e+02 5.632365592072744676e+00
4.940000000000000000e+02 5.661519173985708697e+00
4.950000000000000000e+02 5.697342314922384965e+00
4.960000000000000000e+02 5.739852234683620935e+00
4.970000000000000000e+02 5.789092678133965109e+00
4.980000000000000000e+02 5.845106694390095114e+00
4.990000000000000000e+02 5.907939085876875218e+00
5.000000000000000000e+02 5.977638377552457527e+00
5.010000000000000000e+02 6.054291980092839864e+00
5.020000000000000000e+02 6.137937375055917855e+00
5.030000000000000000e+02 6.228642756548504522e+00
5.040000000000000000e+02 6.326484272068829462e+00
5.050000000000000000e+02 6.431546320430435948e+00
5.060000000000000000e+02 6.543921609736630174e+00
5.070000000000000000e+02 6.663710993869982779e+00
5.080000000000000000e+02 6.791023100651154998e+00
5.090000000000000000e+02 6.925973760146205471e+00
5.100000000000000000e+02 7.068685237594745097e+00
5.110000000000000000e+02 7.219383269478907295e+00
5.120000000000000000e+02 7.378179212231245288e+00
5.130000000000000000e+02 7.545151970017847098e+00
5.140000000000000000e+02 7.720439075684580210e+00
5.150000000000000000e+02 7.904177471479688855e+00
5.160000000000000000e+02 8.096554180768832154e+00
5.170000000000000000e+02 8.297852735825097525e+00
5.180000000000000000e+02 8.508012555299540480e+00
5.190000000000000000e+02 8.727144498250840599e+00
5.200000000000000000e+02 8.955345159066888883e+00
5.210000000000000000e+02 9.193024839153562056e+00
5.220000000000000000e+02 9.439931289124345426e+00
5.230000000000000000e+02 9.696092413132076260e+00
5.240000000000000000e+02 9.961661378083611851e+00
5.250000000000000000e+02 1.023667776916479255e+01
5.260000000000000000e+02 1.052083080870825960e+01
5.270000000000000000e+02 1.081407406300881568e+01
5.280000000000000000e+02 1.111644629703182474e+01
5.290000000000000000e+02 1.142735794950619344e+01
5.300000000000000000e+02 1.174660576713331395e+01
5.310000000000000000e+02 1.207390804426316144e+01
5.320000000000000000e+02 1.240846649435083826e+01
5.330000000000000000e+02 1.274990347028812288e+01
5.340000000000000000e+02 1.309736634193402871e+01
5.350000000000000000e+02 1.344993199565915099e+01
5.360000000000000000e+02 1.380680432801585056e+01
5.370000000000000000e+02 1.416664946888660737e+01
5.380000000000000000e+02 1.452832579812000091e+01
5.390000000000000000e+02 1.489035845242618805e+01
5.400000000000000000e+02 1.525121515657533777e+01
5.410000000000000000e+02 1.560916474676237442e+01
5.420000000000000000e+02 1.596245390291714195e+01
5.430000000000000000e+02 1.630896114356108839e+01
5.440000000000000000e+02 1.664687844837677488e+01
5.450000000000000000e+02 1.697367940987762225e+01
5.460000000000000000e+02 1.728759516357063575e+01
5.470000000000000000e+02 1.758584743997744226e+01
5.480000000000000000e+02 1.786668732475857269e+01
5.490000000000000000e+02 1.812743734062213363e+01
5.500000000000000000e+02 1.836620624867002505e+01
5.510000000000000000e+02 1.858096883465809057e+01
5.520000000000000000e+02 1.876938052070362772e+01
5.530000000000000000e+02 1.893077131940006552e+01
5.540000000000000000e+02 1.906191474356442939e+01
5.550000000000000000e+02 1.916351786676185398e+01
5.560000000000000000e+02 1.923320160636854581e+01
5.570000000000000000e+02 1.927105249930712461e+01
5.580000000000000000e+02 1.927725816652133162e+01
5.590000000000000000e+02 1.925016661291183340e+01
5.600000000000000000e+02 1.919203736141930250e+01
5.610000000000000000e+02 1.910269405192934045e+01
5.620000000000000000e+02 1.898275991449581923e+01
5.630000000000000000e+02 1.883459514494630227e+01
5.640000000000000000e+02 1.865878110972911585e+01
5.650000000000000000e+02 1.845710564321585068e+01
5.660000000000000000e+02 1.823214714990199781e+01
5.670000000000000000e+02 1.798534049354179487e+01
5.680000000000000000e+02 1.771858878622018452e+01
5.690000000000000000e+02 1.743468097610400136e+01
5.700000000000000000e+02 1.713567080454449965e+01
5.710000000000000000e+02 1.682299809345017039e+01
5.720000000000000000e+02 1.649947813832084975e+01
5.730000000000000000e+02 1.616704750326685414e+01
5.740000000000000000e+02 1.582750040543223413e+01
5.750000000000000000e+02 1.548255507130952502e+01
5.760000000000000000e+02 1.513411002638030034e+01
5.770000000000000000e+02 1.478368375105298860e+01
5.780000000000000000e+02 1.443267304079553526e+01
5.790000000000000000e+02 1.408242762225556888e+01
5.800000000000000000e+02 1.373410107125115864e+01
5.810000000000000000e+02 1.338870245367445655e+01
5.820000000000000000e+02 1.304712428847282091e+01
5.830000000000000000e+02 1.271014647160853706e+01
5.840000000000000000e+02 1.237864650337964534e+01
5.850000000000000000e+02 1.205303346870487857e+01
5.860000000000000000e+02 1.173376422595666746e+01
5.870000000000000000e+02 1.142122470356009956e+01
5.880000000000000000e+02 1.111572370834590906e+01
5.890000000000000000e+02 1.081750012306767239e+01
5.900000000000000000e+02 1.052684356690346590e+01
5.910000000000000000e+02 1.024386094329147312e+01
5.920000000000000000e+02 9.968512393258144755e+00
5.930000000000000000e+02 9.700820899867389713e+00
5.940000000000000000e+02 9.440771786008777866e+00
5.950000000000000000e+02 9.188317747134046698e+00
5.960000000000000000e+02 8.943383460072325875e+00
5.970000000000000000e+02 8.705869775970160873e+00
5.980000000000000000e+02 8.475657511473331240e+00
5.990000000000000000e+02 8.252610856712129461e+00
6.000000000000000000e+02 8.036580421727347101e+00
6.010000000000000000e+02 7.827493198365519156e+00
6.020000000000000000e+02 7.625079173896565976e+00
6.030000000000000000e+02 7.429163696897258973e+00
6.040000000000000000e+02 7.239567706406016434e+00
6.050000000000000000e+02 7.056109305155398026e+00
6.060000000000000000e+02 6.878605120273081575e+00
6.070000000000000000e+02 6.706871472742763629e+00
6.080000000000000000e+02 6.540725375568224642e+00
6.090000000000000000e+02 6.379985379165361792e+00
6.100000000000000000e+02 6.224472281067434665e+00
6.110000000000000000e+02 6.074009715601667025e+00
6.120000000000000000e+02 5.928424637806817721e+00
6.130000000000000000e+02 5.787547714531373622e+00
6.140000000000000000e+02 5.651213634391445417e+00
6.150000000000000000e+02 5.519261347087109471e+00
6.160000000000000000e+02 5.391534241477272893e+00
6.170000000000000000e+02 5.267880270800238129e+00
6.180000000000000000e+02 5.148181325260369867e+00
6.190000000000000000e+02 5.032296543027246827e+00
6.200000000000000000e+02 4.920058835431165178e+00
6.210000000000000000e+02 4.811334415961423083e+00
6.220000000000000000e+02 4.705994164596777551e+00
6.230000000000000000e+02 4.603913564058689012e+00
6.240000000000000000e+02 4.504972620042264175e+00
6.250000000000000000e+02 4.409055768482718740e+00
6.260000000000000000e+02 4.316051772507912609e+00
6.270000000000000000e+02 4.225853611367615947e+00
6.280000000000000000e+02 4.138358363311354537e+00
6.290000000000000000e+02 4.053510428483409811e+00
6.300000000000000000e+02 3.971216953873271560e+00
6.310000000000000000e+02 3.891339220977367397e+00
6.320000000000000000e+02 3.813789346374576894e+00
6.330000000000000000e+02 3.738482939494019330e+00
6.340000000000000000e+02 3.665338975362321339e+00
6.350000000000000000e+02 3.594279669004203814e+00
6.360000000000000000e+02 3.525285161256472843e+00
6.370000000000000000e+02 3.458268571385686219e+00
6.380000000000000000e+02 3.393118562190219567e+00
6.390000000000000000e+02 3.329769100989977026e+00
6.400000000000000000e+02 3.268156815689311934e+00
6.410000000000000000e+02 3.208224023002184122e+00
6.420000000000000000e+02 3.150003053573113831e+00
6.430000000000000000e+02 3.093340570648245524e+00
6.440000000000000000e+02 3.038182843073705897e+00
6.450000000000000000e+02 2.984478294406651688e+00
6.460000000000000000e+02 2.932203055849890827e+00
6.470000000000000000e+02 2.881353437238456383e+00
6.480000000000000000e+02 2.831810622573034841e+00
6.490000000000000000e+02 2.783530861219790431e+00
6.500000000000000000e+02 2.736472134135754519e+00
6.510000000000000000e+02 2.690688365494590339e+00
6.520000000000000000e+02 2.646042707638936786e+00
6.530000000000000000e+02 2.602498008842769384e+00
6.540000000000000000e+02 2.560028227249507182e+00
6.550000000000000000e+02 2.518671404688173965e+00
6.560000000000000000e+02 2.478308754715775386e+00
6.570000000000000000e+02 2.438908677660283963e+00
6.580000000000000000e+02 2.400484926911526706e+00
6.590000000000000000e+02 2.363007861144474031e+00
6.600000000000000000e+02 2.326401938800874536e+00
6.610000000000000000e+02 2.290648651149945980e+00
6.620000000000000000e+02 2.255792198725886877e+00
6.630000000000000000e+02 2.221725405023359912e+00
6.640000000000000000e+02 2.188424375968621494e+00
6.650000000000000000e+02 2.155941643643310535e+00
6.660000000000000000e+02 2.124185714120699231e+00
6.670000000000000000e+02 2.093125523654810749e+00
6.680000000000000000e+02 2.062809848790344347e+00
6.690000000000000000e+02 2.033160248512334345e+00
6.700000000000000000e+02 2.004143804829469300e+00
6.710000000000000000e+02 1.975816052499079323e+00
6.720000000000000000e+02 1.948089294437497010e+00
6.730000000000000000e+02 1.920948503412062358e+00
6.740000000000000000e+02 1.894437819301844739e+00
6.750000000000000000e+02 1.868469095436447569e+00
6.760000000000000000e+02 1.843058859892160228e+00
6.770000000000000000e+02 1.818204613280961279e+00
6.780000000000000000e+02 1.793845703485325904e+00
6.790000000000000000e+02 1.770028159754384545e+00
6.800000000000000000e+02 1.746692112054106349e+00
6.810000000000000000e+02 1.723828944937581431e+00
6.820000000000000000e+02 1.701459611050904153e+00
6.830000000000000000e+02 1.679517177509487702e+00
6.840000000000000000e+02 1.658047769064452837e+00
6.850000000000000000e+02 1.636994659435291322e+00
6.860000000000000000e+02 1.616362250277796786e+00
6.870000000000000000e+02 1.596150830740909576e+00
6.880000000000000000e+02 1.576314405853549427e+00
6.890000000000000000e+02 1.556900005563697897e+00
6.900000000000000000e+02 1.537834148823265856e+00
6.910000000000000000e+02 1.519161602602667749e+00
6.920000000000000000e+02 1.500831298233370026e+00
6.930000000000000000e+02 1.482859807438583921e+00
6.940000000000000000e+02 1.465226985193010645e+00
6.950000000000000000e+02 1.447923258793868184e+00
6.960000000000000000e+02 1.430952156090995242e+00
6.970000000000000000e+02 1.414284756978832602e+00
6.980000000000000000e+02 1.397941763805598869e+00
6.990000000000000000e+02 1.381880992896366234e+00
7.000000000000000000e+02 1.366134507893463246e+00
7.010000000000000000e+02 1.350652296095063543e+00
7.020000000000000000e+02 1.335472592987535956e+00
7.030000000000000000e+02 1.320542400471123035e+00
7.040000000000000000e+02 1.305901504067308760e+00
7.050000000000000000e+02 1.291498226322423060e+00
7.060000000000000000e+02 1.277369797363371084e+00
7.070000000000000000e+02 1.263469677554176718e+00
7.080000000000000000e+02 1.249828905750140606e+00
7.090000000000000000e+02 1.236409452924982721e+00
7.100000000000000000e+02 1.223232957566148471e+00
7.110000000000000000e+02 1.210272870305137083e+00
7.120000000000000000e+02 1.197538607880524353e+00
7.130000000000000000e+02 1.185017702996140621e+00
7.140000000000000000e+02 1.172704881298024748e+00
7.150000000000000000e+02 1.160604027231817437e+00
7.160000000000000000e+02 1.148693025463098927e+00
7.170000000000000000e+02 1.136994080047628586e+00
7.180000000000000000e+02 1.125469415401273210e+00
7.190000000000000000e+02 1.114152126766099649e+00
7.200000000000000000e+02 1.103004866476878565e+00
7.210000000000000000e+02 1.092044337402877208e+00
7.220000000000000000e+02 1.081258508698750953e+00
7.230000000000000000e+02 1.070638671350415683e+00
7.240000000000000000e+02 1.060199106956366322e+00
7.250000000000000000e+02 1.049910366480444335e+00
7.260000000000000000e+02 1.039797061534127209e+00
7.270000000000000000e+02 1.029834034607292059e+00
7.280000000000000000e+02 1.020024310565278203e+00
7.290000000000000000e+02 1.010373601768615348e+00
7.300000000000000000e+02 1.000859379706200425e+00
7.310000000000000000e+02 9.915031115182548760e-01
7.320000000000000000e+02 9.822830163973869100e-01
7.330000000000000000e+02 9.731979319007508789e-01
7.340000000000000000e+02 9.642601077948148580e-01
7.350000000000000000e+02 9.554460271254807679e-01
7.360000000000000000e+02 9.467678419019930347e-01
7.370000000000000000e+02 9.382198958528207289e-01
7.380000000000000000e+02 9.297888805296954384e-01
7.390000000000000000e+02 9.214922229872030135e-01
7.400000000000000000e+02 9.133122901661814286e-01
7.410000000000000000e+02 9.052429162568070842e-01
7.420000000000000000e+02 8.973042593749719353e-01
7.430000000000000000e+02 8.894719179397532205e-01
7.440000000000000000e+02 8.817461453602296606e-01
7.450000000000000000e+02 8.741416848834316911e-01
7.460000000000000000e+02 8.666378482984580245e-01
7.470000000000000000e+02 8.592349077879417596e-01
7.480000000000000000e+02 8.519464345806692096e-01
7.490000000000000000e+02 8.447532527980603501e-01
7.500000000000000000e+02 8.376538492880711839e-01
7.510000000000000000e+02 8.306643256973568201e-01
7.520000000000000000e+02 8.237650944097664185e-01
7.530000000000000000e+02 8.169547348100985040e-01
7.540000000000000000e+02 8.102447651533846162e-01
7.550000000000000000e+02 8.036238424049712004e-01
7.560000000000000000e+02 7.970871879625353040e-01
7.570000000000000000e+02 7.906404813043158564e-01
7.580000000000000000e+02 7.842832108131612134e-01
7.590000000000000000e+02 7.780058871206222415e-01
7.600000000000000000e+02 7.718072777421540742e-01
7.610000000000000000e+02 7.656999183480432958e-01
7.620000000000000000e+02 7.596684464579012142e-01
7.630000000000000000e+02 7.537117027654622881e-01
7.640000000000000000e+02 7.478334678968342475e-01
7.650000000000000000e+02 7.420352008875633620e-01
7.660000000000000000e+02 7.363079150747212642e-01
7.670000000000000000e+02 7.306505380649124248e-01
7.680000000000000000e+02 7.250690083726902824e-01
7.690000000000000000e+02 7.195595298408864471e-01
7.700000000000000000e+02 7.141164982555943119e-01
7.710000000000000000e+02 7.087389207500541799e-01
7.720000000000000000e+02 7.034324507974256679e-01
7.730000000000000000e+02 6.981930220771209727e-01
7.740000000000000000e+02 6.930158461837629957e-01
7.750000000000000000e+02 6.879000030867874482e-01
7.760000000000000000e+02 6.828487808345703458e-01
7.770000000000000000e+02 6.778620923558401623e-01
7.780000000000000000e+02 6.729337738189271612e-01
7.790000000000000000e+02 6.680629719634266772e-01
7.800000000000000000e+02 6.632488476846694070e-01
