3.800000000000000000e+02 2.864795978090739492e+00
3.810000000000000000e+02 2.835325749295780629e+00
3.820000000000000000e+02 2.800071724762295045e+00
3.830000000000000000e+02 2.760104922352939472e+00
3.840000000000000000e+02 2.716685887071208061e+00
3.850000000000000000e+02 2.671148770414172979e+00
3.860000000000000000e+02 2.624798307841134104e+00
3.870000000000000000e+02 2.578830872126299578e+00
3.880000000000000000e+02 2.534283687940624308e+00
3.890000000000000000e+02 2.492010567779977759e+00
3.900000000000000000e+02 2.452679053625685945e+00
3.910000000000000000e+02 2.416805324725463944e+00
3.920000000000000000e+02 2.384714254588715665e+00
3.930000000000000000e+02 2.356616491351602782e+00
3.940000000000000000e+02 2.332619771857578073e+00
3.950000000000000000e+02 2.312752510566291608e+00
3.960000000000000000e+02 2.297022703419389966e+00
3.970000000000000000e+02 2.285331782900352326e+00
3.980000000000000000e+02 2.277569067341568942e+00
3.990000000000000000e+02 2.273640321110703688e+00
4.000000000000000000e+02 2.273427595122331279e+00
4.010000000000000000e+02 2.276765971358253093e+00
4.020000000000000000e+02 2.283570238901738048e+00
4.030000000000000000e+02 2.293689916772566839e+00
4.040000000000000000e+02 2.307011791780408050e+00
4.050000000000000000e+02 2.323449014530434287e+00
4.060000000000000000e+02 2.342878850615953024e+00
4.070000000000000000e+02 2.365256618891926621e+00
4.080000000000000000e+02 2.390486235232982981e+00
4.090000000000000000e+02 2.418546644316318162e+00
4.100000000000000000e+02 2.449399723843351584e+00
4.110000000000000000e+02 2.483028452847145129e+00
4.120000000000000000e+02 2.519480702668073668e+00
4.130000000000000000e+02 2.558745662673215904e+00
4.140000000000000000e+02 2.600898506684269584e+00
4.150000000000000000e+02 2.646014146053802918e+00
4.160000000000000000e+02 2.694147785809119622e+00
4.170000000000000000e+02 2.745400624140135193e+00
4.180000000000000000e+02 2.799921104581383879e+00
4.190000000000000000e+02 2.857786556063472094e+00
4.200000000000000000e+02 2.919126981836750012e+00
4.210000000000000000e+02 2.984081899962787610e+00
4.220000000000000000e+02 3.052817447076514146e+00
4.230000000000000000e+02 3.125494692911710004e+00
4.240000000000000000e+02 3.202261492474296922e+00
4.250000000000000000e+02 3.283296786661191735e+00
4.260000000000000000e+02 3.368790748373428290e+00
4.270000000000000000e+02 3.458945481569305702e+00
4.280000000000000000e+02 3.553975719060467942e+00
4.290000000000000000e+02 3.654109484872102520e+00
4.300000000000000000e+02 3.759588692170190871e+00
4.310000000000000000e+02 3.870669650456880717e+00
4.320000000000000000e+02 3.987623455985952248e+00
4.330000000000000000e+02 4.110736237376102942e+00
4.340000000000000000e+02 4.240309224491320528e+00
4.350000000000000000e+02 4.376658603110314516e+00
4.360000000000000000e+02 4.520115110998177421e+00
4.370000000000000000e+02 4.671023322988840043e+00
4.380000000000000000e+02 4.829740563865988712e+00
4.390000000000000000e+02 4.996635378524612925e+00
4.400000000000000000e+02 5.172141216382144968e+00
4.410000000000000000e+02 5.356651321843377112e+00
4.420000000000000000e+02 5.550512965717757652e+00
4.430000000000000000e+02 5.754114371534781114e+00
4.440000000000000000e+02 5.967837156115104236e+00
4.450000000000000000e+02 6.192181514083317850e+00
4.460000000000000000e+02 6.427454753677988464e+00
4.470000000000000000e+02 6.673914351149944579e+00
4.480000000000000000e+02 6.931852118745021052e+00
4.490000000000000000e+02 7.201740387017268930e+00
4.500000000000000000e+02 7.483492078396615454e+00
4.510000000000000000e+02 7.777183338764928955e+00
4.520000000000000000e+02 8.083071892119756185e+00
4.530000000000000000e+02 8.400675887183385981e+00
4.540000000000000000e+02 8.729797858399676258e+00
4.550000000000000000e+02 9.069982333034513289e+00
4.560000000000000000e+02 9.420287051582599602e+00
4.570000000000000000e+02 9.780035361945026651e+00
4.580000000000000000e+02 1.014763613792875141e+01
4.590000000000000000e+02 1.052170853791155203e+01
4.600000000000000000e+02 1.090018306044223628e+01
4.610000000000000000e+02 1.128083770825390353e+01
4.620000000000000000e+02 1.166098578501218697e+01
4.630000000000000000e+02 1.203754190949459257e+01
4.640000000000000000e+02 1.240728277016834546e+01
4.650000000000000000e+02 1.276618187953376271e+01
4.660000000000000000e+02 1.311070737380463846e+01
4.670000000000000000e+02 1.343634669489576261e+01
4.680000000000000000e+02 1.373913430174157391e+01
4.690000000000000000e+02 1.401514787545833585e+01
4.700000000000000000e+02 1.425965458555906373e+01
4.710000000000000000e+02 1.446993531719294168e+01
4.720000000000000000e+02 1.464260421419431779e+01
4.730000000000000000e+02 1.477453416987281543e+01
4.740000000000000000e+02 1.486479895245004101e+01
4.750000000000000000e+02 1.491239044367662814e+01
4.760000000000000000e+02 1.491600853191821940e+01
4.770000000000000000e+02 1.487748954215256525e+01
4.780000000000000000e+02 1.479830319543456341e+01
4.790000000000000000e+02 1.468054924723082344e+01
4.800000000000000000e+02 1.452653944948544229e+01
4.810000000000000000e+02 1.434038731455518167e+01
4.820000000000000000e+02 1.412580664001720621e+01
4.830000000000000000e+02 1.388674322806909700e+01
4.840000000000000000e+02 1.362723083172037342e+01
4.850000000000000000e+02 1.335112967934734485e+01
4.860000000000000000e+02 1.306265343323734740e+01
4.870000000000000000e+02 1.276548426103741818e+01
4.880000000000000000e+02 1.246303525287141412e+01
4.890000000000000000e+02 1.215840848620236159e+01
4.900000000000000000e+02 1.185437104093733751e+01
4.910000000000000000e+02 1.155334653111891718e+01
4.920000000000000000e+02 1.125741934101586139e+01
4.930000000000000000e+02 1.096834867784052037e+01
4.940000000000000000e+02 1.068758970317693091e+01
4.950000000000000000e+02 1.041635382459806891e+01
4.960000000000000000e+02 1.015552373245784779e+01
4.970000000000000000e+02 9.905801594426044687e+00
4.980000000000000000e+02 9.667699373862138401e+00
4.990000000000000000e+02 9.441566169380397611e+00
5.000000000000000000e+02 9.227613686776090063e+00
5.010000000000000000e+02 9.025998646728533359e+00
5.020000000000000000e+02 8.836683079090027704e+00
5.030000000000000000e+02 8.659595241220706896e+00
5.040000000000000000e+02 8.494604434872336185e+00
5.050000000000000000e+02 8.341534964064004853e+00
5.060000000000000000e+02 8.200178014275309124e+00
5.070000000000000000e+02 8.070301652546600479e+00
5.080000000000000000e+02 7.951659154273895247e+00
5.090000000000000000e+02 7.843995858363804530e+00
5.100000000000000000e+02 7.747054741514014964e+00
5.110000000000000000e+02 7.660705418584047521e+00
5.120000000000000000e+02 7.584657553046268319e+00
5.130000000000000000e+02 7.518593795007999958e+00
5.140000000000000000e+02 7.462283572166605872e+00
5.150000000000000000e+02 7.415508396367497923e+00
5.160000000000000000e+02 7.378118022618470384e+00
5.170000000000000000e+02 7.350070267127275514e+00
5.180000000000000000e+02 7.330989130361809991e+00
5.190000000000000000e+02 7.320710998559985860e+00
5.200000000000000000e+02 7.319085727671717834e+00
5.210000000000000000e+02 7.326277243664024219e+00
5.220000000000000000e+02 7.341868011582927345e+00
5.230000000000000000e+02 7.365745237612678409e+00
5.240000000000000000e+02 7.397943750089847725e+00
5.250000000000000000e+02 7.438438935072038127e+00
5.260000000000000000e+02 7.486949241719967674e+00
5.270000000000000000e+02 7.543476500694612064e+00
5.280000000000000000e+02 7.608162409112538604e+00
5.290000000000000000e+02 7.680649205700425419e+00
5.300000000000000000e+02 7.760993008319757358e+00
5.310000000000000000e+02 7.849278938262555627e+00
5.320000000000000000e+02 7.945156622206348551e+00
5.330000000000000000e+02 8.048815899630708870e+00
5.340000000000000000e+02 8.160060391614841535e+00
5.350000000000000000e+02 8.278677506427481347e+00
5.360000000000000000e+02 8.404899237122480216e+00
5.370000000000000000e+02 8.538186663521271313e+00
5.380000000000000000e+02 8.678722447606523005e+00
5.390000000000000000e+02 8.826090870792318910e+00
5.400000000000000000e+02 8.980179389514178823e+00
5.410000000000000000e+02 9.140734346801714594e+00
5.420000000000000000e+02 9.307376037500137755e+00
5.430000000000000000e+02 9.479894145133508587e+00
5.440000000000000000e+02 9.657719358408575872e+00
5.450000000000000000e+02 9.840570854460260364e+00
5.460000000000000000e+02 1.002775756842432209e+01
5.470000000000000000e+02 1.021883276489170456e+01
5.480000000000000000e+02 1.041302931973047130e+01
5.490000000000000000e+02 1.060967769289848306e+01
5.500000000000000000e+02 1.080794063269839356e+01
5.510000000000000000e+02 1.100693382647680885e+01
5.520000000000000000e+02 1.120569394598736324e+01
5.530000000000000000e+02 1.140322565785975684e+01
5.540000000000000000e+02 1.159829743727239482e+01
5.550000000000000000e+02 1.178991993868171306e+01
5.560000000000000000e+02 1.197668264220440548e+01
5.570000000000000000e+02 1.215741720503331180e+01
5.580000000000000000e+02 1.233095213584489791e+01
5.590000000000000000e+02 1.249551917665059797e+01
5.600000000000000000e+02 1.265032695209044711e+01
5.610000000000000000e+02 1.279382034581134242e+01
5.620000000000000000e+02 1.292456079246898426e+01
5.630000000000000000e+02 1.304184573518705470e+01
5.640000000000000000e+02 1.314410788946802811e+01
5.650000000000000000e+02 1.323032719980263749e+01
5.660000000000000000e+02 1.330009407160270385e+01
5.670000000000000000e+02 1.335226255713868859e+01
5.680000000000000000e+02 1.338600540944350570e+01
5.690000000000000000e+02 1.340152269377995253e+01
5.700000000000000000e+02 1.339856043997467516e+01
5.710000000000000000e+02 1.337602755881831307e+01
5.720000000000000000e+02 1.333505175919306218e+01
5.730000000000000000e+02 1.327590350963834176e+01
5.740000000000000000e+02 1.319880988902004404e+01
5.750000000000000000e+02 1.310395157067142868e+01
5.760000000000000000e+02 1.299274387310925860e+01
5.770000000000000000e+02 1.286604099550156555e+01
5.780000000000000000e+02 1.272480098271868165e+01
5.790000000000000000e+02 1.256953613849217888e+01
5.800000000000000000e+02 1.240197566666990703e+01
5.810000000000000000e+02 1.222329739555753392e+01
5.820000000000000000e+02 1.203468667838395234e+01
5.830000000000000000e+02 1.183733806214830508e+01
5.840000000000000000e+02 1.163221451798647621e+01
5.850000000000000000e+02 1.142077336235318086e+01
5.860000000000000000e+02 1.120415801541813394e+01
5.870000000000000000e+02 1.098344691000782092e+01
5.880000000000000000e+02 1.075966403200940746e+01
5.890000000000000000e+02 1.053377228727920922e+01
5.900000000000000000e+02 1.030666296695370043e+01
5.910000000000000000e+02 1.007919559280543531e+01
5.920000000000000000e+02 9.852135911542431401e+00
5.930000000000000000e+02 9.626162651299456030e+00
5.940000000000000000e+02 9.401884919161595633e+00
5.950000000000000000e+02 9.179844062343981648e+00
5.960000000000000000e+02 8.960516268231197401e+00
5.970000000000000000e+02 8.744315735923622768e+00
5.980000000000000000e+02 8.531598266857768564e+00
5.990000000000000000e+02 8.322665138926438999e+00
6.000000000000000000e+02 8.117767146251363641e+00
6.010000000000000000e+02 7.917166119452739181e+00
6.020000000000000000e+02 7.720963296841122592e+00
6.030000000000000000e+02 7.529280755918087209e+00
6.040000000000000000e+02 7.342206572630743722e+00
6.050000000000000000e+02 7.159798462104610905e+00
6.060000000000000000e+02 6.982087215539342751e+00
6.070000000000000000e+02 6.809079915746945488e+00
6.080000000000000000e+02 6.640762921559997700e+00
6.090000000000000000e+02 6.477104617673185238e+00
6.100000000000000000e+02 6.318057931548517914e+00
6.110000000000000000e+02 6.163562622959391391e+00
6.120000000000000000e+02 6.013547354721367810e+00
6.130000000000000000e+02 5.867931555304442881e+00
6.140000000000000000e+02 5.726627085475557877e+00
6.150000000000000000e+02 5.589539722007478950e+00
6.160000000000000000e+02 5.456570471917769893e+00
6.170000000000000000e+02 5.327616730768178321e+00
6.180000000000000000e+02 5.202602759873402150e+00
6.190000000000000000e+02 5.081424299019912993e+00
6.200000000000000000e+02 4.963944451852633222e+00
6.210000000000000000e+02 4.850054551646143963e+00
6.220000000000000000e+02 4.739646250672178596e+00
6.230000000000000000e+02 4.632612005722369197e+00
6.240000000000000000e+02 4.528845487287289195e+00
6.250000000000000000e+02 4.428241921122060276e+00
6.260000000000000000e+02 4.330698370154125953e+00
6.270000000000000000e+02 4.236113963948183070e+00
6.280000000000000000e+02 4.144390082242447981e+00
6.290000000000000000e+02 4.055476646243578287e+00
6.300000000000000000e+02 3.969282668791093371e+00
6.310000000000000000e+02 3.885666621390697628e+00
6.320000000000000000e+02 3.804539765864529244e+00
6.330000000000000000e+02 3.725816059546656511e+00
6.340000000000000000e+02 3.649412164065491293e+00
6.350000000000000000e+02 3.575247438094584673e+00
6.360000000000000000e+02 3.503302904092167491e+00
6.370000000000000000e+02 3.433486984135456499e+00
6.380000000000000000e+02 3.365681147700473996e+00
6.390000000000000000e+02 3.299815172412434272e+00
6.400000000000000000e+02 3.235821355093532414e+00
6.410000000000000000e+02 3.173637832074287068e+00
6.420000000000000000e+02 3.113299511646854256e+00
6.430000000000000000e+02 3.054640937040807191e+00
6.440000000000000000e+02 2.997603857847194853e+00
6.450000000000000000e+02 2.942132219672818128e+00
6.460000000000000000e+02 2.888199691663384527e+00
6.470000000000000000e+02 2.835801499553723293e+00
6.480000000000000000e+02 2.784808929804013733e+00
6.490000000000000000e+02 2.735174068571318173e+00
6.500000000000000000e+02 2.686850845162363832e+00
6.510000000000000000e+02 2.639896065055975516e+00
6.520000000000000000e+02 2.594161772396935906e+00
6.530000000000000000e+02 2.549607126588703920e+00
6.540000000000000000e+02 2.506203194886726049e+00
6.550000000000000000e+02 2.463989479321592846e+00
6.560000000000000000e+02 2.422837827903852936e+00
6.570000000000000000e+02 2.382713469254789551e+00
6.580000000000000000e+02 2.343629969590260487e+00
6.590000000000000000e+02 2.305554549409580822e+00
6.600000000000000000e+02 2.268405730777556251e+00
6.610000000000000000e+02 2.232162847088279722e+00
6.620000000000000000e+02 2.196871687019406050e+00
6.630000000000000000e+02 2.162417482594182427e+00
6.640000000000000000e+02 2.128774014439021034e+00
6.650000000000000000e+02 2.095995812244642487e+00
6.660000000000000000e+02 2.063985139186299111e+00
6.670000000000000000e+02 2.032708357709231528e+00
6.680000000000000000e+02 2.002215922458796982e+00
6.690000000000000000e+02 1.972424274512070808e+00
6.700000000000000000e+02 1.943298018274308259e+00
6.710000000000000000e+02 1.914894578750105048e+00
6.720000000000000000e+02 1.887121082220713397e+00
6.730000000000000000e+02 1.859961078180000671e+00
6.740000000000000000e+02 1.833459910212317467e+00
6.750000000000000000e+02 1.807524686400850289e+00
6.760000000000000000e+02 1.782171986671338804e+00
6.770000000000000000e+02 1.757398440117380334e+00
6.780000000000000000e+02 1.733140252943734749e+00
6.790000000000000000e+02 1.709444618625243217e+00
6.800000000000000000e+02 1.686248676370729171e+00
6.810000000000000000e+02 1.663542930921017238e+00
6.820000000000000000e+02 1.641348445479927642e+00
6.830000000000000000e+02 1.619595402610026769e+00
6.840000000000000000e+02 1.598330914906044731e+00
6.850000000000000000e+02 1.577495855184249063e+00
6.860000000000000000e+02 1.557094284310347909e+00
6.870000000000000000e+02 1.537125962029854520e+00
6.880000000000000000e+02 1.517543129634741028e+00
6.890000000000000000e+02 1.498393611206821019e+00
6.900000000000000000e+02 1.479601545989090772e+00
6.910000000000000000e+02 1.461212398286089176e+00
6.920000000000000000e+02 1.443173439730660590e+00
6.930000000000000000e+02 1.425501238245232116e+00
6.940000000000000000e+02 1.408174800750950695e+00
6.950000000000000000e+02 1.391184004888583736e+00
6.960000000000000000e+02 1.374532063050901920e+00
6.970000000000000000e+02 1.358189195897061108e+00
6.980000000000000000e+02 1.342176106709099370e+00
6.990000000000000000e+02 1.326449621718262639e+00
7.000000000000000000e+02 1.311041959773862287e+00
7.010000000000000000e+02 1.295902116612833499e+00
7.020000000000000000e+02 1.281068521362339396e+00
7.030000000000000000e+02 1.266487270276861477e+00
7.040000000000000000e+02 1.252198304448582267e+00
7.050000000000000000e+02 1.238149178561180674e+00
7.060000000000000000e+02 1.224377196921402122e+00
7.070000000000000000e+02 1.210835211905957554e+00
7.080000000000000000e+02 1.197554239587641511e+00
7.090000000000000000e+02 1.184495800202388871e+00
7.100000000000000000e+02 1.171681419887137476e+00
7.110000000000000000e+02 1.159084232882262366e+00
7.120000000000000000e+02 1.146713480171557276e+00
7.130000000000000000e+02 1.134556473120440501e+00
7.140000000000000000e+02 1.122607739480613320e+00
7.150000000000000000e+02 1.110870985114777998e+00
7.160000000000000000e+02 1.099323927825642144e+00
7.170000000000000000e+02 1.087988573482748800e+00
7.180000000000000000e+02 1.076827062734416751e+00
7.190000000000000000e+02 1.065872233884110010e+00
7.200000000000000000e+02 1.055086723142955929e+00
7.210000000000000000e+02 1.044487014044403139e+00
7.220000000000000000e+02 1.034060997409417482e+00
7.230000000000000000e+02 1.023799884415189432e+00
7.240000000000000000e+02 1.013717723109069935e+00
7.250000000000000000e+02 1.003785164721101575e+00
7.260000000000000000e+02 9.940264881439094813e-01
7.270000000000000000e+02 9.844166453992777566e-01
7.280000000000000000e+02 9.749585220435876831e-01
7.290000000000000000e+02 9.656576560303277157e-01
7.300000000000000000e+02 9.564916711643848268e-01
7.310000000000000000e+02 9.474816693846339621e-01
7.320000000000000000e+02 9.386060453738460652e-01
7.330000000000000000e+02 9.298635629810292347e-01
7.340000000000000000e+02 9.212662014608398175e-01
7.350000000000000000e+02 9.127907019108418840e-01
7.360000000000000000e+02 9.044489438306541063e-01
7.370000000000000000e+02 8.962352753635778324e-01
7.380000000000000000e+02 8.881365352279108061e-01
7.390000000000000000e+02 8.801697657350243675e-01
7.400000000000000000e+02 8.723175727556263803e-01
7.410000000000000000e+02 8.645738411440283544e-01
7.420000000000000000e+02 8.569582643018937018e-01
7.430000000000000000e+02 8.494468527535256053e-01
7.440000000000000000e+02 8.420397976708313692e-01
7.450000000000000000e+02 8.347514635296241492e-01
7.460000000000000000e+02 8.275615443862506249e-01
7.470000000000000000e+02 8.204702543844283325e-01
7.480000000000000000e+02 8.134907939515843012e-01
7.490000000000000000e+02 8.066043748879694331e-01
7.500000000000000000e+02 7.998094741762176163e-01
7.510000000000000000e+02 7.931217441762624665e-01
7.520000000000000000e+02 7.865220304518282246e-01
7.530000000000000000e+02 7.800089066400589521e-01
7.540000000000000000e+02 7.735935426919491320e-01
7.550000000000000000e+02 7.672648464040375815e-01
7.560000000000000000e+02 7.610181273065413921e-01
7.570000000000000000e+02 7.548588671127343108e-01
7.580000000000000000e+02 7.487865240564975933e-01
7.590000000000000000e+02 7.427918380670981424e-01
7.600000000000000000e+02 7.368735783195680122e-01
7.610000000000000000e+02 7.310438717651237539e-01
7.620000000000000000e+02 7.252877735156854078e-01
7.630000000000000000e+02 7.196041284154712780e-01
7.640000000000000000e+02 7.139965679628251793e-01
7.650000000000000000e+02 7.084664701094898209e-01
7.660000000000000000e+02 7.030050988171809845e-01
7.670000000000000000e+02 6.976113885190080577e-01
7.680000000000000000e+02 6.922910547426547323e-01
7.690000000000000000e+02 6.870403942714571333e-01
7.700000000000000000e+02 6.818539612676050021e-01
7.710000000000000000e+02 6.767307718382837844e-01
7.720000000000000000e+02 6.716762600242801584e-01
7.730000000000000000e+02 6.666864714131749414e-01
7.740000000000000000e+02 6.617567597104258015e-01
7.750000000000000000e+02 6.568862155588327534e-01
7.760000000000000000e+02 6.520779870056058192e-01
7.770000000000000000e+02 6.473319655083275004e-01
7.780000000000000000e+02 6.426421881515309575e-01
7.790000000000000000e+02 6.380078136687058477e-01
7.800000000000000000e+02 6.334280152090515648e-01
