3.800000000000000000e+02 2.784243140050417065e+00
3.810000000000000000e+02 2.769080650957998380e+00
3.820000000000000000e+02 2.745401817306242442e+00
3.830000000000000000e+02 2.714249588556779447e+00
3.840000000000000000e+02 2.676969413174666634e+00
3.850000000000000000e+02 2.635075808065457714e+00
3.860000000000000000e+02 2.590123030377867064e+00
3.870000000000000000e+02 2.543596684920737871e+00
3.880000000000000000e+02 2.496835416350080106e+00
3.890000000000000000e+02 2.450984422338092106e+00
3.900000000000000000e+02 2.406977111538380232e+00
3.910000000000000000e+02 2.365557150326040858e+00
3.920000000000000000e+02 2.327248395732910868e+00
3.930000000000000000e+02 2.292417844486008160e+00
3.940000000000000000e+02 2.261295566524694323e+00
3.950000000000000000e+02 2.234002959242272990e+00
3.960000000000000000e+02 2.210615090755597034e+00
3.970000000000000000e+02 2.191084841725734922e+00
3.980000000000000000e+02 2.175336699477830482e+00
3.990000000000000000e+02 2.163299853338328305e+00
4.000000000000000000e+02 2.154873113019716513e+00
4.010000000000000000e+02 2.149904608139338702e+00
4.020000000000000000e+02 2.148317274718675396e+00
4.030000000000000000e+02 2.149968869167472096e+00
4.040000000000000000e+02 2.154752490119818731e+00
4.050000000000000000e+02 2.162585996862094628e+00
4.060000000000000000e+02 2.173350370584226976e+00
4.070000000000000000e+02 2.187000160463471676e+00
4.080000000000000000e+02 2.203435408272820695e+00
4.090000000000000000e+02 2.222623771840344542e+00
4.100000000000000000e+02 2.244509364612912616e+00
4.110000000000000000e+02 2.269049330686031762e+00
4.120000000000000000e+02 2.296254463157509029e+00
4.130000000000000000e+02 2.326072888122193039e+00
4.140000000000000000e+02 2.358526611273020546e+00
4.150000000000000000e+02 2.393631208283854228e+00
4.160000000000000000e+02 2.431381581272819670e+00
4.170000000000000000e+02 2.471811575257909954e+00
4.180000000000000000e+02 2.514993310767922097e+00
4.190000000000000000e+02 2.560939332200597995e+00
4.200000000000000000e+02 2.609707967015189478e+00
4.210000000000000000e+02 2.661366673477030265e+00
4.220000000000000000e+02 2.716005507445967915e+00
4.230000000000000000e+02 2.773712008428110387e+00
4.240000000000000000e+02 2.834565621749506548e+00
4.250000000000000000e+02 2.898671834407317238e+00
4.260000000000000000e+02 2.966146391320226616e+00
4.270000000000000000e+02 3.037115735123412819e+00
4.280000000000000000e+02 3.111717490357846394e+00
4.290000000000000000e+02 3.190100969632680528e+00
4.300000000000000000e+02 3.272427675066016839e+00
4.310000000000000000e+02 3.358871766984375284e+00
4.320000000000000000e+02 3.449620474052542907e+00
4.330000000000000000e+02 3.544874424380886957e+00
4.340000000000000000e+02 3.644847884438676466e+00
4.350000000000000000e+02 3.749768899867867766e+00
4.360000000000000000e+02 3.859879337535477184e+00
4.370000000000000000e+02 3.975434829892238398e+00
4.380000000000000000e+02 4.096704620341113490e+00
4.390000000000000000e+02 4.223971302255121962e+00
4.400000000000000000e+02 4.357571591496917307e+00
4.410000000000000000e+02 4.497820832373898625e+00
4.420000000000000000e+02 4.645009932453042722e+00
4.430000000000000000e+02 4.799471777046876220e+00
4.440000000000000000e+02 4.961548892723422810e+00
4.450000000000000000e+02 5.131692935680472800e+00
4.460000000000000000e+02 5.310233241914872337e+00
4.470000000000000000e+02 5.497486357937827250e+00
4.480000000000000000e+02 5.693827292710866850e+00
4.490000000000000000e+02 5.899822934593860424e+00
4.500000000000000000e+02 6.115638502867297710e+00
4.510000000000000000e+02 6.341623387015571822e+00
4.520000000000000000e+02 6.578372614466934998e+00
4.530000000000000000e+02 6.825916977013090303e+00
4.540000000000000000e+02 7.084641834504183500e+00
4.550000000000000000e+02 7.354839339291035394e+00
4.560000000000000000e+02 7.636431478818143326e+00
4.570000000000000000e+02 7.929876708765977611e+00
4.580000000000000000e+02 8.234731840830820104e+00
4.590000000000000000e+02 8.551169709233311877e+00
4.600000000000000000e+02 8.878622855807284608e+00
4.610000000000000000e+02 9.216840771656267250e+00
4.620000000000000000e+02 9.564929807897744496e+00
4.630000000000000000e+02 9.922196794940633779e+00
4.640000000000000000e+02 1.028723982313033147e+01
4.650000000000000000e+02 1.065884874164774310e+01
4.660000000000000000e+02 1.103505510004220191e+01
4.670000000000000000e+02 1.141386914728620994e+01
4.680000000000000000e+02 1.179282244484767617e+01
4.690000000000000000e+02 1.216919244391891120e+01
4.700000000000000000e+02 1.253974041252802785e+01
4.710000000000000000e+02 1.290124944295449794e+01
4.720000000000000000e+02 1.325004213085904858e+01
4.730000000000000000e+02 1.358201714688751238e+01
4.740000000000000000e+02 1.389361278198495064e+01
4.750000000000000000e+02 1.418096654376171806e+01
4.760000000000000000e+02 1.443949687864606446e+01
4.770000000000000000e+02 1.466635587744843328e+01
4.780000000000000000e+02 1.485838536347664629e+01
4.790000000000000000e+02 1.501279903555009021e+01
4.800000000000000000e+02 1.512681553052344441e+01
4.810000000000000000e+02 1.519981315100849883e+01
4.820000000000000000e+02 1.523115325075244897e+01
4.830000000000000000e+02 1.522096421952844558e+01
4.840000000000000000e+02 1.517010391853282059e+01
4.850000000000000000e+02 1.507966840717926971e+01
4.860000000000000000e+02 1.495259524799890904e+01
4.870000000000000000e+02 1.479171872606677951e+01
4.880000000000000000e+02 1.460030894675158208e+01
4.890000000000000000e+02 1.438194953663360032e+01
4.900000000000000000e+02 1.414041395557518754e+01
4.910000000000000000e+02 1.387954748478135869e+01
4.920000000000000000e+02 1.360316058939130457e+01
4.930000000000000000e+02 1.331493768678027045e+01
4.940000000000000000e+02 1.301836362107116329e+01
4.950000000000000000e+02 1.271666133170709578e+01
4.960000000000000000e+02 1.241279289733179780e+01
4.970000000000000000e+02 1.210937124737830750e+01
4.980000000000000000e+02 1.180869115107372380e+01
4.990000000000000000e+02 1.151273349056381967e+01
5.000000000000000000e+02 1.122317815477553893e+01
5.010000000000000000e+02 1.094146638111527636e+01
5.020000000000000000e+02 1.066871741525321404e+01
5.030000000000000000e+02 1.040583775818581636e+01
5.040000000000000000e+02 1.015352607154811082e+01
5.050000000000000000e+02 9.912299581886838240e+00
5.060000000000000000e+02 9.682519382069655123e+00
5.070000000000000000e+02 9.464414074390615994e+00
5.080000000000000000e+02 9.258101417617153217e+00
5.090000000000000000e+02 9.063607810788981922e+00
5.100000000000000000e+02 8.880885574630219992e+00
5.110000000000000000e+02 8.709968498062645281e+00
5.120000000000000000e+02 8.550660668891254090e+00
5.130000000000000000e+02 8.402687577169784205e+00
5.140000000000000000e+02 8.265834942869989987e+00
5.150000000000000000e+02 8.139871811863125473e+00
5.160000000000000000e+02 8.024619998930717202e+00
5.170000000000000000e+02 7.920002448811250595e+00
5.180000000000000000e+02 7.825545546966232280e+00
5.190000000000000000e+02 7.741005992213216835e+00
5.200000000000000000e+02 7.666146815275276971e+00
5.210000000000000000e+02 7.601070353677937597e+00
5.220000000000000000e+02 7.545229604749123631e+00
5.230000000000000000e+02 7.498417380070681482e+00
5.240000000000000000e+02 7.460585191679493633e+00
5.250000000000000000e+02 7.431618244384639915e+00
5.260000000000000000e+02 7.411134729979123925e+00
5.270000000000000000e+02 7.399061290939036084e+00
5.280000000000000000e+02 7.395473144862627635e+00
5.290000000000000000e+02 7.399937006103001202e+00
5.300000000000000000e+02 7.412460236848300354e+00
5.310000000000000000e+02 7.433088807964857381e+00
5.320000000000000000e+02 7.461439700832475097e+00
5.330000000000000000e+02 7.497695441028652930e+00
5.340000000000000000e+02 7.541663805999427872e+00
5.350000000000000000e+02 7.593154412174015988e+00
5.360000000000000000e+02 7.652455447788144127e+00
5.370000000000000000e+02 7.719086013077142816e+00
5.380000000000000000e+02 7.793339767042358979e+00
5.390000000000000000e+02 7.874914900767178594e+00
5.400000000000000000e+02 7.963860837038693852e+00
5.410000000000000000e+02 8.060118132743067321e+00
5.420000000000000000e+02 8.163516473420742159e+00
5.430000000000000000e+02 8.274141931493604218e+00
5.440000000000000000e+02 8.391680381841839065e+00
5.450000000000000000e+02 8.516264694174479288e+00
5.460000000000000000e+02 8.647510755064883980e+00
5.470000000000000000e+02 8.785499360763024512e+00
5.480000000000000000e+02 8.929845142868742869e+00
5.490000000000000000e+02 9.080482659108318089e+00
5.500000000000000000e+02 9.237082717948165822e+00
5.510000000000000000e+02 9.399353276511222433e+00
5.520000000000000000e+02 9.567057071320126838e+00
5.530000000000000000e+02 9.739623348920128265e+00
5.540000000000000000e+02 9.916905451724838727e+00
5.550000000000000000e+02 1.009813230694539143e+01
5.560000000000000000e+02 1.028294383266931789e+01
5.570000000000000000e+02 1.047065104031858240e+01
5.580000000000000000e+02 1.066056102194011856e+01
5.590000000000000000e+02 1.085201783807216103e+01
5.600000000000000000e+02 1.104413843392748618e+01
5.610000000000000000e+02 1.123607796441241646e+01
5.620000000000000000e+02 1.142686970857105777e+01
5.630000000000000000e+02 1.161557945134173764e+01
5.640000000000000000e+02 1.180107658636936563e+01
5.650000000000000000e+02 1.198223232153517692e+01
5.660000000000000000e+02 1.215805152003234824e+01
5.670000000000000000e+02 1.232723277353224134e+01
5.680000000000000000e+02 1.248846018892992937e+01
5.690000000000000000e+02 1.264081847266825953e+01
5.700000000000000000e+02 1.278316493193175418e+01
5.710000000000000000e+02 1.291371933692800944e+01
5.720000000000000000e+02 1.303197258599071340e+01
5.730000000000000000e+02 1.313691094297469597e+01
5.740000000000000000e+02 1.322741607338867809e+01
5.750000000000000000e+02 1.330221009710855640e+01
5.760000000000000000e+02 1.336112117255077969e+01
5.770000000000000000e+02 1.340354562942106575e+01
5.780000000000000000e+02 1.342901315332374246e+01
5.790000000000000000e+02 1.343644918137990274e+01
5.800000000000000000e+02 1.342641348990944294e+01
5.810000000000000000e+02 1.339892207904660104e+01
5.820000000000000000e+02 1.335411843591979419e+01
5.830000000000000000e+02 1.329229484249841242e+01
5.840000000000000000e+02 1.321332448094888257e+01
5.850000000000000000e+02 1.311836050491347017e+01
5.860000000000000000e+02 1.300814361221424775e+01
5.870000000000000000e+02 1.288347812322433050e+01
5.880000000000000000e+02 1.274525880752337947e+01
5.890000000000000000e+02 1.259445457176937033e+01
5.900000000000000000e+02 1.243193419155700319e+01
5.910000000000000000e+02 1.225883044551908263e+01
5.920000000000000000e+02 1.207639474898445009e+01
5.930000000000000000e+02 1.188572230148631625e+01
5.940000000000000000e+02 1.168790124192618762e+01
5.950000000000000000e+02 1.148399994539998303e+01
5.960000000000000000e+02 1.127505589889615401e+01
5.970000000000000000e+02 1.106206624805650662e+01
5.980000000000000000e+02 1.084598004246581837e+01
5.990000000000000000e+02 1.062769215053687688e+01
6.000000000000000000e+02 1.040803876836444708e+01
6.010000000000000000e+02 1.018779591187221811e+01
6.020000000000000000e+02 9.967688658724798145e+00
6.030000000000000000e+02 9.748359498940873280e+00
6.040000000000000000e+02 9.530388158685870081e+00
6.050000000000000000e+02 9.314293041048699706e+00
6.060000000000000000e+02 9.100533346513511646e+00
6.070000000000000000e+02 8.889511726523235069e+00
6.080000000000000000e+02 8.681577335833178921e+00
6.090000000000000000e+02 8.477029163475521045e+00
6.100000000000000000e+02 8.276119537172981211e+00
6.110000000000000000e+02 8.079057711195941849e+00
6.120000000000000000e+02 7.886013462369210636e+00
6.130000000000000000e+02 7.697120632780571015e+00
6.140000000000000000e+02 7.512480570434913574e+00
6.150000000000000000e+02 7.332165430471271783e+00
6.160000000000000000e+02 7.156221309537276198e+00
6.170000000000000000e+02 6.984671194499228797e+00
6.180000000000000000e+02 6.817551684779198595e+00
6.190000000000000000e+02 6.654853030682021497e+00
6.200000000000000000e+02 6.496511759307124656e+00
6.210000000000000000e+02 6.342483087738918890e+00
6.220000000000000000e+02 6.192710859868856943e+00
6.230000000000000000e+02 6.047129325193848715e+00
6.240000000000000000e+02 5.905664738093579835e+00
6.250000000000000000e+02 5.768236788675506155e+00
6.260000000000000000e+02 5.634759876845139459e+00
6.270000000000000000e+02 5.505144241471350952e+00
6.280000000000000000e+02 5.379296956448920142e+00
6.290000000000000000e+02 5.257184643898348497e+00
6.300000000000000000e+02 5.138715656381897645e+00
6.310000000000000000e+02 5.023725111763973850e+00
6.320000000000000000e+02 4.912114517767031785e+00
6.330000000000000000e+02 4.803785655524599463e+00
6.340000000000000000e+02 4.698640996884274834e+00
6.350000000000000000e+02 4.596584057144690760e+00
6.360000000000000000e+02 4.497601708235841045e+00
6.370000000000000000e+02 4.401578590306870709e+00
6.380000000000000000e+02 4.308359258228005473e+00
6.390000000000000000e+02 4.217853598573204188e+00
6.400000000000000000e+02 4.129973623532863236e+00
6.410000000000000000e+02 4.044638327932696953e+00
6.420000000000000000e+02 3.961902233954240238e+00
6.430000000000000000e+02 3.881536546633799656e+00
6.440000000000000000e+02 3.803462362822180420e+00
6.450000000000000000e+02 3.727603184374571832e+00
6.460000000000000000e+02 3.653924040814109375e+00
6.470000000000000000e+02 3.582420132253935297e+00
6.480000000000000000e+02 3.512910354830417248e+00
6.490000000000000000e+02 3.445327676557535135e+00
6.500000000000000000e+02 3.379607360321903897e+00
6.510000000000000000e+02 3.315830514032080956e+00
6.520000000000000000e+02 3.253787162314683012e+00
6.530000000000000000e+02 3.193419236059408028e+00
6.540000000000000000e+02 3.134685421093176050e+00
6.550000000000000000e+02 3.077641374222549686e+00
6.560000000000000000e+02 3.022104612711759231e+00
6.570000000000000000e+02 2.968025193067128420e+00
6.580000000000000000e+02 2.915421613058457595e+00
6.590000000000000000e+02 2.864246505141676113e+00
6.600000000000000000e+02 2.814383555787895563e+00
6.610000000000000000e+02 2.765802632107467129e+00
6.620000000000000000e+02 2.718567425507779856e+00
6.630000000000000000e+02 2.672514630537733638e+00
6.640000000000000000e+02 2.627606276988848855e+00
6.650000000000000000e+02 2.583918166119336668e+00
6.660000000000000000e+02 2.541311355587981602e+00
6.670000000000000000e+02 2.499737495716353397e+00
6.680000000000000000e+02 2.459266421148090132e+00
6.690000000000000000e+02 2.419779529100070992e+00
6.700000000000000000e+02 2.381226163413198371e+00
6.710000000000000000e+02 2.343685702310763563e+00
6.720000000000000000e+02 2.307026925162432018e+00
6.730000000000000000e+02 2.271225888194481790e+00
6.740000000000000000e+02 2.236344826594274693e+00
6.750000000000000000e+02 2.202253045052992242e+00
6.760000000000000000e+02 2.168972732785683810e+00
6.770000000000000000e+02 2.136498131233778963e+00
6.780000000000000000e+02 2.104739625604401976e+00
6.790000000000000000e+02 2.073761800067335237e+00
6.800000000000000000e+02 2.043476487593478108e+00
6.810000000000000000e+02 2.013869723111737287e+00
6.820000000000000000e+02 1.984969699358766437e+00
6.830000000000000000e+02 1.956679130196021354e+00
6.840000000000000000e+02 1.929062187730653299e+00
6.850000000000000000e+02 1.902036535496169911e+00
6.860000000000000000e+02 1.875607036860490906e+00
6.870000000000000000e+02 1.849772538262571819e+00
6.880000000000000000e+02 1.824466796672857605e+00
6.890000000000000000e+02 1.799754599929000332e+00
6.900000000000000000e+02 1.775531388711774072e+00
6.910000000000000000e+02 1.751858653933898724e+00
6.920000000000000000e+02 1.728663704359596931e+00
6.930000000000000000e+02 1.705968525889260290e+00
6.940000000000000000e+02 1.683743867802425909e+00
6.950000000000000000e+02 1.661975393045682203e+00
6.960000000000000000e+02 1.640666842942402726e+00
6.970000000000000000e+02 1.619777280838762046e+00
6.980000000000000000e+02 1.599334174313302492e+00
6.990000000000000000e+02 1.579278594317330420e+00
7.000000000000000000e+02 1.559653537729065009e+00
7.010000000000000000e+02 1.540389682297791385e+00
7.020000000000000000e+02 1.521538322394986320e+00
7.030000000000000000e+02 1.503026432153299341e+00
7.040000000000000000e+02 1.484907242440890673e+00
7.050000000000000000e+02 1.467109893225747141e+00
7.060000000000000000e+02 1.449683975920583956e+00
7.070000000000000000e+02 1.432565926937598988e+00
7.080000000000000000e+02 1.415796829414302405e+00
7.090000000000000000e+02 1.399324881775833029e+00
7.100000000000000000e+02 1.383178426467831956e+00
7.110000000000000000e+02 1.367321291418720497e+00
7.120000000000000000e+02 1.351765418200586266e+00
7.130000000000000000e+02 1.336493594375512295e+00
7.140000000000000000e+02 1.321498214513678660e+00
7.150000000000000000e+02 1.306783873607748614e+00
7.160000000000000000e+02 1.292320734426086970e+00
7.170000000000000000e+02 1.278137614697413715e+00
7.180000000000000000e+02 1.264184173490106922e+00
7.190000000000000000e+02 1.250503481220816449e+00
7.200000000000000000e+02 1.237045973950160915e+00
7.210000000000000000e+02 1.223833106076929411e+00
7.220000000000000000e+02 1.210848680227654350e+00
7.230000000000000000e+02 1.198080897604849593e+00
7.240000000000000000e+02 1.185547954833978013e+00
7.250000000000000000e+02 1.173211122412983087e+00
7.260000000000000000e+02 1.161101977562843057e+00
7.270000000000000000e+02 1.149187508995957785e+00
7.280000000000000000e+02 1.137471283293934876e+00
7.290000000000000000e+02 1.125960318121759896e+00
7.300000000000000000e+02 1.114625222979261032e+00
7.310000000000000000e+02 1.103493297218877567e+00
7.320000000000000000e+02 1.092536215001706612e+00
7.330000000000000000e+02 1.081752196306230429e+00
7.340000000000000000e+02 1.071156616866056455e+00
7.350000000000000000e+02 1.060719112377469520e+00
7.360000000000000000e+02 1.050454921004844833e+00
7.370000000000000000e+02 1.040356551265866569e+00
7.380000000000000000e+02 1.030406821939950701e+00
7.390000000000000000e+02 1.020627603339505196e+00
7.400000000000000000e+02 1.010996273601848072e+00
7.410000000000000000e+02 1.001504814014938294e+00
7.420000000000000000e+02 9.921784555561607988e-01
7.430000000000000000e+02 9.829861590269391991e-01
7.440000000000000000e+02 9.739280545833676195e-01
7.450000000000000000e+02 9.650224653169753308e-01
7.460000000000000000e+02 9.562431830123740983e-01
7.470000000000000000e+02 9.475903753296095466e-01
7.480000000000000000e+02 9.390808332369068312e-01
7.490000000000000000e+02 9.306903743885392988e-01
7.500000000000000000e+02 9.224169542426531310e-01
7.510000000000000000e+02 9.142804613074340114e-01
7.520000000000000000e+02 9.062563178129307007e-01
7.530000000000000000e+02 8.983426149429069030e-01
7.540000000000000000e+02 8.905534873215523728e-01
7.550000000000000000e+02 8.828747009211072028e-01
7.560000000000000000e+02 8.753001989215719592e-01
7.570000000000000000e+02 8.678368608978719312e-01
7.580000000000000000e+02 8.604839018866763389e-01
7.590000000000000000e+02 8.532294791891157359e-01
7.600000000000000000e+02 8.460719571380219683e-01
7.610000000000000000e+02 8.390266135403354752e-01
7.620000000000000000e+02 8.320744354324011161e-01
7.630000000000000000e+02 8.252138922613065919e-01
7.640000000000000000e+02 8.184495005798546607e-01
7.650000000000000000e+02 8.117829204577028390e-01
7.660000000000000000e+02 8.052030508131245989e-01
7.670000000000000000e+02 7.987084851146212250e-01
7.680000000000000000e+02 7.923063557495384490e-01
7.690000000000000000e+02 7.859919267180774938e-01
7.700000000000000000e+02 7.797582815040400295e-01
7.710000000000000000e+02 7.736041261767441224e-01
7.720000000000000000e+02 7.675362238542607907e-01
7.730000000000000000e+02 7.615495443459731062e-01
7.740000000000000000e+02 7.556382012561257966e-01
7.750000000000000000e+02 7.498010029972870250e-01
7.760000000000000000e+02 7.440418370996692010e-01
7.770000000000000000e+02 7.383605083322555274e-01
7.780000000000000000e+02 7.327495037929330213e-01
7.790000000000000000e+02 7.272077250149173722e-01
7.800000000000000000e+02 7.217340932160495326e-01
