3.800000000000000000e+02 4.160808663584756317e+00
3.810000000000000000e+02 4.273370344489814343e+00
3.820000000000000000e+02 4.371521769320111162e+00
3.830000000000000000e+02 4.452114087180628843e+00
3.840000000000000000e+02 4.512534938741786128e+00
3.850000000000000000e+02 4.550958581516529655e+00
3.860000000000000000e+02 4.566531578907095934e+00
3.870000000000000000e+02 4.559459235917096009e+00
3.880000000000000000e+02 4.530976124284155304e+00
3.890000000000000000e+02 4.483207311112085591e+00
3.900000000000000000e+02 4.418947985053222283e+00
3.910000000000000000e+02 4.341342955912934620e+00
3.920000000000000000e+02 4.253834880018690257e+00
3.930000000000000000e+02 4.159700736146731082e+00
3.940000000000000000e+02 4.061959001764432031e+00
3.950000000000000000e+02 3.963258719761177051e+00
3.960000000000000000e+02 3.865856156544838385e+00
3.970000000000000000e+02 3.771559639216583548e+00
3.980000000000000000e+02 3.681744080986987022e+00
3.990000000000000000e+02 3.597466190449522649e+00
4.000000000000000000e+02 3.519466244161406632e+00
4.010000000000000000e+02 3.448140278340780629e+00
4.020000000000000000e+02 3.383829543184450284e+00
4.030000000000000000e+02 3.326581238337023461e+00
4.040000000000000000e+02 3.276383718717863491e+00
4.050000000000000000e+02 3.233181225966330175e+00
4.060000000000000000e+02 3.196753388975573262e+00
4.070000000000000000e+02 3.166989137148008560e+00
4.080000000000000000e+02 3.143606786558037935e+00
4.090000000000000000e+02 3.126446703838903662e+00
4.100000000000000000e+02 3.115272304992017016e+00
4.110000000000000000e+02 3.109861799956047612e+00
4.120000000000000000e+02 3.110097852929368134e+00
4.130000000000000000e+02 3.115725525433586274e+00
4.140000000000000000e+02 3.126641957362719992e+00
4.150000000000000000e+02 3.142728603921387087e+00
4.160000000000000000e+02 3.163830351264755869e+00
4.170000000000000000e+02 3.189871125202161206e+00
4.180000000000000000e+02 3.220845635099163218e+00
4.190000000000000000e+02 3.256646467732455363e+00
4.200000000000000000e+02 3.297253992871852724e+00
4.210000000000000000e+02 3.342668660051398621e+00
4.220000000000000000e+02 3.392932085812390586e+00
4.230000000000000000e+02 3.448085328270935168e+00
4.240000000000000000e+02 3.508161631110934486e+00
4.250000000000000000e+02 3.573239636833836830e+00
4.260000000000000000e+02 3.643416978673120088e+00
4.270000000000000000e+02 3.718810198549883150e+00
4.280000000000000000e+02 3.799554708464093711e+00
4.290000000000000000e+02 3.885804790021118116e+00
4.300000000000000000e+02 3.977733623663026741e+00
4.310000000000000000e+02 4.075533336087195480e+00
4.320000000000000000e+02 4.179415051149863558e+00
4.330000000000000000e+02 4.289608926147303158e+00
4.340000000000000000e+02 4.406364151638261006e+00
4.350000000000000000e+02 4.529948888832774578e+00
4.360000000000000000e+02 4.660650113961125385e+00
4.370000000000000000e+02 4.798773333916475536e+00
4.380000000000000000e+02 4.944642131837610144e+00
4.390000000000000000e+02 5.098597495217437547e+00
4.400000000000000000e+02 5.261051838625375510e+00
4.410000000000000000e+02 5.432386798015595986e+00
4.420000000000000000e+02 5.612949518247432046e+00
4.430000000000000000e+02 5.803140266780100198e+00
4.440000000000000000e+02 6.003367936948746042e+00
4.450000000000000000e+02 6.214178548055581786e+00
4.460000000000000000e+02 6.435949508978508149e+00
4.470000000000000000e+02 6.669033494285772079e+00
4.480000000000000000e+02 6.913848383305111867e+00
4.490000000000000000e+02 7.171041891911815291e+00
4.500000000000000000e+02 7.440729001948574783e+00
4.510000000000000000e+02 7.723242098622941754e+00
4.520000000000000000e+02 8.019190807305456303e+00
4.530000000000000000e+02 8.328449575984400610e+00
4.540000000000000000e+02 8.651298241074130146e+00
4.550000000000000000e+02 8.987850850268136682e+00
4.560000000000000000e+02 9.337735512311267527e+00
4.570000000000000000e+02 9.701135935065751781e+00
4.580000000000000000e+02 1.007713775435718695e+01
4.590000000000000000e+02 1.046542744892937904e+01
4.600000000000000000e+02 1.086480195625695977e+01
4.610000000000000000e+02 1.127426558598536666e+01
4.620000000000000000e+02 1.169208298785070710e+01
4.630000000000000000e+02 1.211652372880083028e+01
4.640000000000000000e+02 1.254516397941947758e+01
4.650000000000000000e+02 1.297540818411635577e+01
4.660000000000000000e+02 1.340414576683303949e+01
4.670000000000000000e+02 1.382782123853952783e+01
4.680000000000000000e+02 1.424261781645633818e+01
4.690000000000000000e+02 1.464446123286107238e+01
4.700000000000000000e+02 1.502844172468086903e+01
4.710000000000000000e+02 1.539043873975298915e+01
4.720000000000000000e+02 1.572562834561082390e+01
4.730000000000000000e+02 1.602890127847750890e+01
4.740000000000000000e+02 1.629656332102467076e+01
4.750000000000000000e+02 1.652466854313183831e+01
4.760000000000000000e+02 1.670858213516791224e+01
4.770000000000000000e+02 1.684663906284866286e+01
4.780000000000000000e+02 1.693686237724605093e+01
4.790000000000000000e+02 1.697800078621718001e+01
4.800000000000000000e+02 1.696904518996191058e+01
4.810000000000000000e+02 1.691172752817127645e+01
4.820000000000000000e+02 1.680767526946129564e+01
4.830000000000000000e+02 1.665932086517153721e+01
4.840000000000000000e+02 1.646976575573183155e+01
4.850000000000000000e+02 1.624224834429432818e+01
4.860000000000000000e+02 1.598155831605419941e+01
4.870000000000000000e+02 1.569209359788012392e+01
4.880000000000000000e+02 1.537837461454288857e+01
4.890000000000000000e+02 1.504491223895827368e+01
4.900000000000000000e+02 1.469609314446465298e+01
4.910000000000000000e+02 1.433608591200718507e+01
4.920000000000000000e+02 1.396876924496364403e+01
4.930000000000000000e+02 1.359768193479183829e+01
4.940000000000000000e+02 1.322599290960584817e+01
4.950000000000000000e+02 1.285650405822854303e+01
4.960000000000000000e+02 1.249161145591569699e+01
4.970000000000000000e+02 1.213334476553126429e+01
4.980000000000000000e+02 1.178339129744270330e+01
4.990000000000000000e+02 1.144312316537447849e+01
5.000000000000000000e+02 1.111362762714738750e+01
5.010000000000000000e+02 1.079579770980535969e+01
5.020000000000000000e+02 1.049020931159476433e+01
5.030000000000000000e+02 1.019728279018777783e+01
5.040000000000000000e+02 9.917275191484019814e+00
5.050000000000000000e+02 9.650306744125071390e+00
5.060000000000000000e+02 9.396384750434556565e+00
5.070000000000000000e+02 9.155424802275256013e+00
5.080000000000000000e+02 8.927269370683305283e+00
5.090000000000000000e+02 8.711703900137296230e+00
5.100000000000000000e+02 8.508470589812763052e+00
5.110000000000000000e+02 8.317423039941338914e+00
5.120000000000000000e+02 8.138201169873509500e+00
5.130000000000000000e+02 7.970390589475647936e+00
5.140000000000000000e+02 7.813658006080075324e+00
5.150000000000000000e+02 7.667669026798065168e+00
5.160000000000000000e+02 7.532153399171098940e+00
5.170000000000000000e+02 7.406947116146405108e+00
5.180000000000000000e+02 7.291512624005434873e+00
5.190000000000000000e+02 7.185545657794819796e+00
5.200000000000000000e+02 7.088754932102943052e+00
5.210000000000000000e+02 7.001172279717201796e+00
5.220000000000000000e+02 6.922223654654056091e+00
5.230000000000000000e+02 6.851661596505549845e+00
5.240000000000000000e+02 6.789388230753121256e+00
5.250000000000000000e+02 6.735245257293160925e+00
5.260000000000000000e+02 6.688834592692793457e+00
5.270000000000000000e+02 6.650043671782787769e+00
5.280000000000000000e+02 6.618893490109807765e+00
5.290000000000000000e+02 6.594950642716995048e+00
5.300000000000000000e+02 6.578180400018379004e+00
5.310000000000000000e+02 6.568581208567339402e+00
5.320000000000000000e+02 6.565775584634021556e+00
5.330000000000000000e+02 6.569885685875547665e+00
5.340000000000000000e+02 6.580705841690144275e+00
5.350000000000000000e+02 6.598036391204367135e+00
5.360000000000000000e+02 6.622091170474429411e+00
5.370000000000000000e+02 6.652424366884050144e+00
5.380000000000000000e+02 6.689256134174381252e+00
5.390000000000000000e+02 6.732299628456267726e+00
5.400000000000000000e+02 6.781569265063769336e+00
5.410000000000000000e+02 6.836988118307467666e+00
5.420000000000000000e+02 6.898388954600489065e+00
5.430000000000000000e+02 6.965820509592309584e+00
5.440000000000000000e+02 7.039000214308448022e+00
5.450000000000000000e+02 7.118018940392582650e+00
5.460000000000000000e+02 7.202541597566139764e+00
5.470000000000000000e+02 7.292619452501404531e+00
5.480000000000000000e+02 7.387922158427493002e+00
5.490000000000000000e+02 7.488384948178582690e+00
5.500000000000000000e+02 7.593729363872324001e+00
5.510000000000000000e+02 7.703710311879588879e+00
5.520000000000000000e+02 7.818130461405213616e+00
5.530000000000000000e+02 7.936523179900945912e+00
5.540000000000000000e+02 8.058771974133749794e+00
5.550000000000000000e+02 8.184253370104459080e+00
5.560000000000000000e+02 8.312684675145789015e+00
5.570000000000000000e+02 8.443517601017507701e+00
5.580000000000000000e+02 8.576204314596871825e+00
5.590000000000000000e+02 8.710237084091280835e+00
5.600000000000000000e+02 8.844918321171977738e+00
5.610000000000000000e+02 8.979594321439888560e+00
5.620000000000000000e+02 9.113517216345716321e+00
5.630000000000000000e+02 9.245960077461816695e+00
5.640000000000000000e+02 9.376056003613930656e+00
5.650000000000000000e+02 9.502937905922848927e+00
5.660000000000000000e+02 9.625840642428155292e+00
5.670000000000000000e+02 9.743773056764720053e+00
5.680000000000000000e+02 9.855734756062927815e+00
5.690000000000000000e+02 9.961029384941557652e+00
5.700000000000000000e+02 1.005879317588627408e+01
5.710000000000000000e+02 1.014768591830814337e+01
5.720000000000000000e+02 1.022732718421762854e+01
5.730000000000000000e+02 1.029696018789903889e+01
5.740000000000000000e+02 1.035575302755019500e+01
5.750000000000000000e+02 1.040275812298069447e+01
5.760000000000000000e+02 1.043786081516022435e+01
5.770000000000000000e+02 1.046062480567369235e+01
5.780000000000000000e+02 1.047071622714719652e+01
5.790000000000000000e+02 1.046735372248709339e+01
5.800000000000000000e+02 1.045097752900111665e+01
5.810000000000000000e+02 1.042162269508965267e+01
5.820000000000000000e+02 1.037942020307777824e+01
5.830000000000000000e+02 1.032461227640773593e+01
5.840000000000000000e+02 1.025713296800112140e+01
5.850000000000000000e+02 1.017786229583969160e+01
5.860000000000000000e+02 1.008737385553084742e+01
5.870000000000000000e+02 9.986287154426122470e+00
5.880000000000000000e+02 9.875286994140926922e+00
5.890000000000000000e+02 9.755111053248135988e+00
5.900000000000000000e+02 9.626423243060882484e+00
5.910000000000000000e+02 9.490078035047943672e+00
5.920000000000000000e+02 9.347012518938392134e+00
5.930000000000000000e+02 9.198047894330505514e+00
5.940000000000000000e+02 9.043997678906276150e+00
5.950000000000000000e+02 8.885658419136804653e+00
5.960000000000000000e+02 8.723801612728413701e+00
5.970000000000000000e+02 8.559166899763901881e+00
5.980000000000000000e+02 8.392456532121137514e+00
5.990000000000000000e+02 8.224331089972061193e+00
6.000000000000000000e+02 8.055406380863574967e+00
6.010000000000000000e+02 7.886255178987385150e+00
6.020000000000000000e+02 7.717405927771372909e+00
6.030000000000000000e+02 7.549328296437624708e+00
6.040000000000000000e+02 7.382444965349292509e+00
6.050000000000000000e+02 7.217132848686062196e+00
6.060000000000000000e+02 7.053724801047412285e+00
6.070000000000000000e+02 6.892511699605898379e+00
6.080000000000000000e+02 6.733744803124478651e+00
6.090000000000000000e+02 6.577638300029541085e+00
6.100000000000000000e+02 6.424371969129537341e+00
6.110000000000000000e+02 6.274093887950360049e+00
6.120000000000000000e+02 6.126923134614221667e+00
6.130000000000000000e+02 5.982952439428589564e+00
6.140000000000000000e+02 5.842250751681425491e+00
6.150000000000000000e+02 5.704865695454773622e+00
6.160000000000000000e+02 5.570825895526388294e+00
6.170000000000000000e+02 5.440143160642564979e+00
6.180000000000000000e+02 5.312840397674232662e+00
6.190000000000000000e+02 5.188905773487499040e+00
6.200000000000000000e+02 5.068287200232818535e+00
6.210000000000000000e+02 4.950947411950548549e+00
6.220000000000000000e+02 4.836840973475838190e+00
6.230000000000000000e+02 4.725915584125588431e+00
6.240000000000000000e+02 4.618113248159883000e+00
6.250000000000000000e+02 4.513371320518579921e+00
6.260000000000000000e+02 4.411623436688320687e+00
6.270000000000000000e+02 4.312800335656528539e+00
6.280000000000000000e+02 4.216830584812861105e+00
6.290000000000000000e+02 4.123688010836047191e+00
6.300000000000000000e+02 4.033302485249987690e+00
6.310000000000000000e+02 3.945548644994914866e+00
6.320000000000000000e+02 3.860351511927831769e+00
6.330000000000000000e+02 3.777636428581688133e+00
6.340000000000000000e+02 3.697329358395709864e+00
6.350000000000000000e+02 3.619357138788077854e+00
6.360000000000000000e+02 3.543709706233936885e+00
6.370000000000000000e+02 3.470299760635802144e+00
6.380000000000000000e+02 3.399009753885958052e+00
6.390000000000000000e+02 3.329771580076594351e+00
6.400000000000000000e+02 3.262518776325520342e+00
6.410000000000000000e+02 3.197190189410373140e+00
6.420000000000000000e+02 3.133827190395592766e+00
6.430000000000000000e+02 3.072256919875632430e+00
6.440000000000000000e+02 3.012419875729979601e+00
6.450000000000000000e+02 2.954258384659891323e+00
6.460000000000000000e+02 2.897746201926204801e+00
6.470000000000000000e+02 2.842879939531055111e+00
6.480000000000000000e+02 2.789522799343862935e+00
6.490000000000000000e+02 2.737624282730935832e+00
6.500000000000000000e+02 2.687135624720244920e+00
6.510000000000000000e+02 2.638118509149288915e+00
6.520000000000000000e+02 2.590414213896475193e+00
6.530000000000000000e+02 2.543979005090857726e+00
6.540000000000000000e+02 2.498781836482063312e+00
6.550000000000000000e+02 2.454865166933418053e+00
6.560000000000000000e+02 2.412090977800301683e+00
6.570000000000000000e+02 2.370421653328974809e+00
6.580000000000000000e+02 2.329871480241619164e+00
6.590000000000000000e+02 2.290404817718518782e+00
6.600000000000000000e+02 2.251933686326960338e+00
6.610000000000000000e+02 2.214435456746005393e+00
6.620000000000000000e+02 2.177958742682777338e+00
6.630000000000000000e+02 2.142379827909477008e+00
6.640000000000000000e+02 2.107670096638591506e+00
6.650000000000000000e+02 2.073887381236321215e+00
6.660000000000000000e+02 2.040926368393249923e+00
6.670000000000000000e+02 2.008750520020587960e+00
6.680000000000000000e+02 1.977413164169671722e+00
6.690000000000000000e+02 1.946824351016821053e+00
6.700000000000000000e+02 1.916945743493674081e+00
6.710000000000000000e+02 1.887837967012810925e+00
6.720000000000000000e+02 1.859401372689123644e+00
6.730000000000000000e+02 1.831617912771692502e+00
6.740000000000000000e+02 1.804535201913199938e+00
6.750000000000000000e+02 1.778053878710186053e+00
6.760000000000000000e+02 1.752191029334244643e+00
6.770000000000000000e+02 1.726942468177687040e+00
6.780000000000000000e+02 1.702240036600723760e+00
6.790000000000000000e+02 1.678133178684923399e+00
6.800000000000000000e+02 1.654554810258248576e+00
6.810000000000000000e+02 1.631494427490085330e+00
6.820000000000000000e+02 1.608973735778060687e+00
6.830000000000000000e+02 1.586918591970458703e+00
6.840000000000000000e+02 1.565378182376475413e+00
6.850000000000000000e+02 1.544289747321842210e+00
6.860000000000000000e+02 1.523657144379048534e+00
6.870000000000000000e+02 1.503479650362793629e+00
6.880000000000000000e+02 1.483706723347934631e+00
6.890000000000000000e+02 1.464388091850343798e+00
6.900000000000000000e+02 1.445443853115337074e+00
6.910000000000000000e+02 1.426921225678255079e+00
6.920000000000000000e+02 1.408764663713116816e+00
6.930000000000000000e+02 1.390991134771106585e+00
6.940000000000000000e+02 1.373578348825474693e+00
6.950000000000000000e+02 1.356515426407427283e+00
6.960000000000000000e+02 1.339805362648638809e+00
6.970000000000000000e+02 1.323416855299183181e+00
6.980000000000000000e+02 1.307371106464795263e+00
6.990000000000000000e+02 1.291622972770610334e+00
7.000000000000000000e+02 1.276205592197649841e+00
7.010000000000000000e+02 1.261065800415449134e+00
7.020000000000000000e+02 1.246243129498009194e+00
7.030000000000000000e+02 1.231681526662470327e+00
7.040000000000000000e+02 1.217422034828321564e+00
7.050000000000000000e+02 1.203410224740485202e+00
7.060000000000000000e+02 1.189684361080393771e+00
7.070000000000000000e+02 1.176195590602197250e+00
7.080000000000000000e+02 1.162975646330985269e+00
7.090000000000000000e+02 1.149984699438684643e+00
7.100000000000000000e+02 1.137244680413502573e+00
7.110000000000000000e+02 1.124727779490832580e+00
7.120000000000000000e+02 1.112443288058529323e+00
7.130000000000000000e+02 1.100378001938992600e+00
7.140000000000000000e+02 1.088526127430323731e+00
7.150000000000000000e+02 1.076891285726395697e+00
7.160000000000000000e+02 1.065450502959414125e+00
7.170000000000000000e+02 1.054226116244348921e+00
7.180000000000000000e+02 1.043179284264599715e+00
7.190000000000000000e+02 1.032343376877499663e+00
7.200000000000000000e+02 1.021680125540397110e+00
7.210000000000000000e+02 1.011206192474781496e+00
7.220000000000000000e+02 1.000909103901312713e+00
7.230000000000000000e+02 9.907797838759585529e-01
7.240000000000000000e+02 9.808323869111823523e-01
7.250000000000000000e+02 9.710369631169040172e-01
7.260000000000000000e+02 9.614180443918846075e-01
7.270000000000000000e+02 9.519500929596510508e-01
7.280000000000000000e+02 9.426359266402839499e-01
7.290000000000000000e+02 9.334810443972731964e-01
7.300000000000000000e+02 9.244626856124685821e-01
7.310000000000000000e+02 9.156020971203443493e-01
7.320000000000000000e+02 9.068773301739235793e-01
7.330000000000000000e+02 8.982870465224837009e-01
7.340000000000000000e+02 8.898432452920523872e-01
7.350000000000000000e+02 8.815223656841674194e-01
7.360000000000000000e+02 8.733363025533905644e-01
7.370000000000000000e+02 8.652792730520136866e-01
7.380000000000000000e+02 8.573379460285668330e-01
7.390000000000000000e+02 8.495293916826316405e-01
7.400000000000000000e+02 8.418360351887048676e-01
7.410000000000000000e+02 8.342516647988925671e-01
7.420000000000000000e+02 8.267959859708561288e-01
7.430000000000000000e+02 8.194448416726785034e-01
7.440000000000000000e+02 8.121983657995919259e-01
7.450000000000000000e+02 8.050708918876464670e-01
7.460000000000000000e+02 7.980420052414394227e-01
7.470000000000000000e+02 7.911118673012380587e-01
7.480000000000000000e+02 7.842936272286958888e-01
7.490000000000000000e+02 7.775684299198529770e-01
7.500000000000000000e+02 7.709347056324669101e-01
7.510000000000000000e+02 7.644080361284527614e-01
7.520000000000000000e+02 7.579692365462852299e-01
7.530000000000000000e+02 7.516168401221839934e-01
7.540000000000000000e+02 7.453619385209805381e-01
7.550000000000000000e+02 7.391934217629139159e-01
7.560000000000000000e+02 7.331065737824455919e-01
7.570000000000000000e+02 7.271068107623794852e-01
7.580000000000000000e+02 7.211935472791279889e-01
7.590000000000000000e+02 7.153575282792881129e-01
7.600000000000000000e+02 7.095974944534177986e-01
7.610000000000000000e+02 7.039254565329943203e-01
7.620000000000000000e+02 6.983265256233405216e-01
7.630000000000000000e+02 6.927995223380520873e-01
7.640000000000000000e+02 6.873480161604295091e-01
7.650000000000000000e+02 6.819733365602683728e-01
7.660000000000000000e+02 6.766667867047214679e-01
7.670000000000000000e+02 6.714272815724197097e-01
7.680000000000000000e+02 6.662604507992868630e-01
7.690000000000000000e+02 6.611625941061622935e-01
7.700000000000000000e+02 6.561282921421947023e-01
7.710000000000000000e+02 6.511565456357050197e-01
7.720000000000000000e+02 6.462526991815149557e-01
7.730000000000000000e+02 6.414128143093378309e-01
7.740000000000000000e+02 6.366322743520863581e-01
7.750000000000000000e+02 6.319101580448186484e-01
7.760000000000000000e+02 6.272495482096717145e-01
7.770000000000000000e+02 6.226503113128807332e-01
7.780000000000000000e+02 6.181065414490101162e-01
7.790000000000000000e+02 6.136173883935841511e-01
7.800000000000000000e+02 6.091820169437078825e-01
