& plot  nbnd = 8 nks = 28 /
             0.000000E+00 0.000000E+00 0.000000E+00
   -5.810E+00   6.255E+00   6.255E+00   6.255E+00   8.822E+00   8.822E+00   8.822E+00   9.723E+00
             0.000000E+00 0.000000E+00 1.000000E-01
   -5.767E+00   5.981E+00   6.072E+00   6.072E+00   8.710E+00   9.057E+00   9.057E+00   9.984E+00
             0.000000E+00 0.000000E+00 2.000000E-01
   -5.634E+00   5.334E+00   5.660E+00   5.660E+00   8.424E+00   9.630E+00   9.630E+00   1.052E+01
             0.000000E+00 0.000000E+00 3.000000E-01
   -5.413E+00   4.527E+00   5.186E+00   5.186E+00   8.052E+00   1.037E+01   1.037E+01   1.071E+01
             0.000000E+00 0.000000E+00 4.000000E-01
   -5.106E+00   3.653E+00   4.727E+00   4.727E+00   7.672E+00   1.014E+01   1.119E+01   1.119E+01
             0.000000E+00 0.000000E+00 5.000000E-01
   -4.713E+00   2.756E+00   4.316E+00   4.316E+00   7.332E+00   9.355E+00   1.206E+01   1.206E+01
             0.000000E+00 0.000000E+00 6.000000E-01
   -4.236E+00   1.852E+00   3.969E+00   3.969E+00   7.057E+00   8.617E+00   1.296E+01   1.296E+01
             0.000000E+00 0.000000E+00 7.000000E-01
   -3.680E+00   9.502E-01   3.694E+00   3.694E+00   6.865E+00   7.992E+00   1.389E+01   1.389E+01
             0.000000E+00 0.000000E+00 8.000000E-01
   -3.053E+00   6.829E-02   3.495E+00   3.495E+00   6.766E+00   7.494E+00   1.483E+01   1.483E+01
             0.000000E+00 0.000000E+00 9.000000E-01
   -2.356E+00   -7.867E-01   3.374E+00   3.374E+00   6.769E+00   7.129E+00   1.576E+01   1.576E+01
             0.000000E+00 0.000000E+00 1.000000E+00
   -1.598E+00   -1.598E+00   3.333E+00   3.333E+00   6.889E+00   6.889E+00   1.641E+01   1.641E+01
             0.000000E+00 0.000000E+00 0.000000E+00
   -5.810E+00   6.255E+00   6.255E+00   6.255E+00   8.822E+00   8.822E+00   8.822E+00   9.723E+00
             0.000000E+00 1.000000E-01 1.000000E-01
   -5.722E+00   5.518E+00   5.891E+00   6.215E+00   8.913E+00   8.986E+00   9.081E+00   1.032E+01
             0.000000E+00 2.000000E-01 2.000000E-01
   -5.458E+00   4.224E+00   5.058E+00   6.075E+00   9.187E+00   9.279E+00   9.369E+00   1.150E+01
             0.000000E+00 3.000000E-01 3.000000E-01
   -5.024E+00   2.933E+00   4.092E+00   5.802E+00   9.356E+00   9.642E+00   9.897E+00   1.192E+01
             0.000000E+00 4.000000E-01 4.000000E-01
   -4.438E+00   1.766E+00   3.171E+00   5.392E+00   9.168E+00   1.027E+01   1.057E+01   1.200E+01
             0.000000E+00 5.000000E-01 5.000000E-01
   -3.728E+00   7.540E-01   2.399E+00   4.896E+00   8.693E+00   1.108E+01   1.139E+01   1.241E+01
             0.000000E+00 6.000000E-01 6.000000E-01
   -2.958E+00   -8.443E-02   1.868E+00   4.396E+00   8.126E+00   1.205E+01   1.230E+01   1.312E+01
             0.000000E+00 7.000000E-01 7.000000E-01
   -2.264E+00   -7.459E-01   1.712E+00   3.954E+00   7.610E+00   1.139E+01   1.317E+01   1.370E+01
             0.000000E+00 8.000000E-01 8.000000E-01
   -1.812E+00   -1.218E+00   2.070E+00   3.616E+00   7.217E+00   9.381E+00   1.441E+01   1.497E+01
             0.000000E+00 9.000000E-01 9.000000E-01
   -1.635E+00   -1.503E+00   2.830E+00   3.405E+00   6.971E+00   7.684E+00   1.567E+01   1.594E+01
             0.000000E+00 1.000000E+00 1.000000E+00
   -1.598E+00   -1.598E+00   3.333E+00   3.333E+00   6.889E+00   6.889E+00   1.641E+01   1.641E+01
             0.000000E+00 0.000000E+00 0.000000E+00
   -5.810E+00   6.255E+00   6.255E+00   6.255E+00   8.822E+00   8.822E+00   8.822E+00   9.723E+00
             1.000000E-01 1.000000E-01 1.000000E-01
   -5.678E+00   5.104E+00   6.050E+00   6.050E+00   8.848E+00   9.120E+00   9.120E+00   1.061E+01
             2.000000E-01 2.000000E-01 2.000000E-01
   -5.285E+00   3.222E+00   5.660E+00   5.660E+00   8.504E+00   9.636E+00   9.636E+00   1.233E+01
             3.000000E-01 3.000000E-01 3.000000E-01
   -4.659E+00   1.404E+00   5.319E+00   5.319E+00   8.138E+00   9.803E+00   9.803E+00   1.384E+01
             4.000000E-01 4.000000E-01 4.000000E-01
   -3.891E+00   -1.018E-01   5.102E+00   5.102E+00   7.900E+00   9.679E+00   9.679E+00   1.396E+01
             5.000000E-01 5.000000E-01 5.000000E-01
   -3.418E+00   -8.220E-01   5.029E+00   5.029E+00   7.814E+00   9.597E+00   9.597E+00   1.384E+01
