X                Y
0.000000000E+00  1.581461298E-03
2.040816327E-02  8.152109064E-03
4.081632653E-02  8.743766130E-02
6.122448980E-02  3.202585076E-01
8.163265306E-02  6.532925411E-01
1.020408163E-01  9.052976665E-01
1.224489796E-01  9.335540151E-01
1.428571429E-01  7.567680709E-01
1.632653061E-01  5.083771675E-01
1.836734694E-01  3.067663626E-01
2.040816327E-01  1.886455759E-01
2.244897959E-01  1.339414173E-01
2.448979592E-01  1.121883937E-01
2.653061224E-01  1.017088393E-01
2.857142857E-01  9.020629466E-02
3.061224490E-01  7.437377645E-02
3.265306122E-01  5.785776440E-02
3.469387755E-01  4.527019843E-02
3.673469388E-01  3.796990832E-02
3.877551020E-01  3.467716045E-02
4.081632653E-01  3.343171269E-02
4.285714286E-01  3.247065611E-02
4.489795918E-01  3.085897556E-02
4.693877551E-01  2.890951436E-02
4.897959184E-01  2.759386820E-02
5.102040816E-01  2.759386820E-02
5.306122449E-01  2.890951436E-02
5.510204082E-01  3.085897556E-02
5.714285714E-01  3.247065611E-02
5.918367347E-01  3.343171269E-02
6.122448980E-01  3.467716045E-02
6.326530612E-01  3.796990832E-02
6.530612245E-01  4.527019843E-02
6.734693878E-01  5.785776440E-02
6.938775510E-01  7.437377645E-02
7.142857143E-01  9.020629466E-02
7.346938776E-01  1.017088393E-01
7.551020408E-01  1.121883937E-01
7.755102041E-01  1.339414173E-01
7.959183673E-01  1.886455759E-01
8.163265306E-01  3.067663626E-01
8.367346939E-01  5.083771675E-01
8.571428571E-01  7.567680709E-01
8.775510204E-01  9.335540151E-01
8.979591837E-01  9.052976665E-01
9.183673469E-01  6.532925411E-01
9.387755102E-01  3.202585076E-01
9.591836735E-01  8.743766130E-02
9.795918367E-01  8.152109064E-03
1.000000000E+00  1.581461298E-03
