X                Y
0.000000000E+00  -1.470681830E+01
2.040816327E-02  -1.444081169E+01
4.081632653E-02  -1.367122628E+01
6.122448980E-02  -1.247764838E+01
8.163265306E-02  -1.097538114E+01
1.020408163E-01  -9.294755701E+00
1.224489796E-01  -7.560686909E+00
1.428571429E-01  -5.877079722E+00
1.632653061E-01  -4.318490832E+00
1.836734694E-01  -2.928983325E+00
2.040816327E-01  -1.726301203E+00
2.244897959E-01  -7.087661234E-01
2.448979592E-01  1.374443232E-01
2.653061224E-01  8.321672272E-01
2.857142857E-01  1.396907162E+00
3.061224490E-01  1.852229119E+00
3.265306122E-01  2.216496039E+00
3.469387755E-01  2.505472048E+00
3.673469388E-01  2.732386840E+00
3.877551020E-01  2.908185510E+00
4.081632653E-01  3.041807785E+00
4.285714286E-01  3.140425878E+00
4.489795918E-01  3.209620429E+00
4.693877551E-01  3.253498377E+00
4.897959184E-01  3.274765296E+00
5.102040816E-01  3.274765296E+00
5.306122449E-01  3.253498377E+00
5.510204082E-01  3.209620429E+00
5.714285714E-01  3.140425878E+00
5.918367347E-01  3.041807785E+00
6.122448980E-01  2.908185510E+00
6.326530612E-01  2.732386840E+00
6.530612245E-01  2.505472048E+00
6.734693878E-01  2.216496039E+00
6.938775510E-01  1.852229119E+00
7.142857143E-01  1.396907162E+00
7.346938776E-01  8.321672272E-01
7.551020408E-01  1.374443232E-01
7.755102041E-01  -7.087661234E-01
7.959183673E-01  -1.726301203E+00
8.163265306E-01  -2.928983325E+00
8.367346939E-01  -4.318490832E+00
8.571428571E-01  -5.877079722E+00
8.775510204E-01  -7.560686909E+00
8.979591837E-01  -9.294755701E+00
9.183673469E-01  -1.097538114E+01
9.387755102E-01  -1.247764838E+01
9.591836735E-01  -1.367122628E+01
9.795918367E-01  -1.444081169E+01
1.000000000E+00  -1.470681830E+01
