X                Y
0.000000000E+00  4.220523839E+00
2.040816327E-02  4.231076116E+00
4.081632653E-02  4.261601760E+00
6.122448980E-02  4.290818932E+00
8.163265306E-02  4.254844822E+00
1.020408163E-01  4.068121854E+00
1.224489796E-01  3.681432568E+00
1.428571429E-01  3.120665219E+00
1.632653061E-01  2.469679261E+00
1.836734694E-01  1.819247305E+00
2.040816327E-01  1.228462593E+00
2.244897959E-01  7.186529496E-01
2.448979592E-01  2.869666239E-01
2.653061224E-01  -7.884628940E-02
2.857142857E-01  -3.912745396E-01
3.061224490E-01  -6.588573973E-01
3.265306122E-01  -8.859273128E-01
3.469387755E-01  -1.074882183E+00
3.673469388E-01  -1.228467880E+00
3.877551020E-01  -1.350490839E+00
4.081632653E-01  -1.445321338E+00
4.285714286E-01  -1.517078833E+00
4.489795918E-01  -1.568939792E+00
4.693877551E-01  -1.602831093E+00
4.897959184E-01  -1.619633780E+00
5.102040816E-01  -1.619633780E+00
5.306122449E-01  -1.602831093E+00
5.510204082E-01  -1.568939792E+00
5.714285714E-01  -1.517078833E+00
5.918367347E-01  -1.445321338E+00
6.122448980E-01  -1.350490839E+00
6.326530612E-01  -1.228467880E+00
6.530612245E-01  -1.074882183E+00
6.734693878E-01  -8.859273128E-01
6.938775510E-01  -6.588573973E-01
7.142857143E-01  -3.912745396E-01
7.346938776E-01  -7.884628940E-02
7.551020408E-01  2.869666239E-01
7.755102041E-01  7.186529496E-01
7.959183673E-01  1.228462593E+00
8.163265306E-01  1.819247305E+00
8.367346939E-01  2.469679261E+00
8.571428571E-01  3.120665219E+00
8.775510204E-01  3.681432568E+00
8.979591837E-01  4.068121854E+00
9.183673469E-01  4.254844822E+00
9.387755102E-01  4.290818932E+00
9.591836735E-01  4.261601760E+00
9.795918367E-01  4.231076116E+00
1.000000000E+00  4.220523839E+00
