X                Y
0.000000000E+00  -2.946111163E-01
2.040816327E-02  -4.807867997E-01
4.081632653E-02  -9.939688164E-01
6.122448980E-02  -1.485260504E+00
8.163265306E-02  -1.859219779E+00
1.020408163E-01  -2.061147570E+00
1.224489796E-01  -2.081303463E+00
1.428571429E-01  -1.947575109E+00
1.632653061E-01  -1.717862400E+00
1.836734694E-01  -1.465834688E+00
2.040816327E-01  -1.259720338E+00
2.244897959E-01  -1.132903908E+00
2.448979592E-01  -1.072539260E+00
2.653061224E-01  -1.040562119E+00
2.857142857E-01  -1.002772807E+00
3.061224490E-01  -9.449494026E-01
3.265306122E-01  -8.748225307E-01
3.469387755E-01  -8.114854743E-01
3.673469388E-01  -7.690105066E-01
3.877551020E-01  -7.480024074E-01
4.081632653E-01  -7.397000812E-01
4.285714286E-01  -7.331471301E-01
4.489795918E-01  -7.218527911E-01
4.693877551E-01  -7.076368074E-01
4.897959184E-01  -6.976665991E-01
5.102040816E-01  -6.976665991E-01
5.306122449E-01  -7.076368074E-01
5.510204082E-01  -7.218527911E-01
5.714285714E-01  -7.331471301E-01
5.918367347E-01  -7.397000812E-01
6.122448980E-01  -7.480024074E-01
6.326530612E-01  -7.690105066E-01
6.530612245E-01  -8.114854743E-01
6.734693878E-01  -8.748225307E-01
6.938775510E-01  -9.449494026E-01
7.142857143E-01  -1.002772807E+00
7.346938776E-01  -1.040562119E+00
7.551020408E-01  -1.072539260E+00
7.755102041E-01  -1.132903908E+00
7.959183673E-01  -1.259720338E+00
8.163265306E-01  -1.465834688E+00
8.367346939E-01  -1.717862400E+00
8.571428571E-01  -1.947575109E+00
8.775510204E-01  -2.081303463E+00
8.979591837E-01  -2.061147570E+00
9.183673469E-01  -1.859219779E+00
9.387755102E-01  -1.485260504E+00
9.591836735E-01  -9.939688164E-01
9.795918367E-01  -4.807867997E-01
1.000000000E+00  -2.946111163E-01
