X                Y
0.000000000E+00  -1.078090558E+01
2.040816327E-02  -1.069052237E+01
4.081632653E-02  -1.040359334E+01
6.122448980E-02  -9.672089947E+00
8.163265306E-02  -8.579756098E+00
1.020408163E-01  -7.287781417E+00
1.224489796E-01  -5.960557804E+00
1.428571429E-01  -4.703989611E+00
1.632653061E-01  -3.566673971E+00
1.836734694E-01  -2.575570707E+00
2.040816327E-01  -1.757558948E+00
2.244897959E-01  -1.123017082E+00
2.448979592E-01  -6.481283131E-01
2.653061224E-01  -2.872411807E-01
2.857142857E-01  2.859815539E-03
3.061224490E-01  2.484223188E-01
3.265306122E-01  4.557461950E-01
3.469387755E-01  6.191043901E-01
3.673469388E-01  7.349084532E-01
3.877551020E-01  8.096922641E-01
4.081632653E-01  8.567863663E-01
4.285714286E-01  8.901999149E-01
4.489795918E-01  9.188278463E-01
4.693877551E-01  9.430304765E-01
4.897959184E-01  9.574649170E-01
5.102040816E-01  9.574649170E-01
5.306122449E-01  9.430304765E-01
5.510204082E-01  9.188278463E-01
5.714285714E-01  8.901999149E-01
5.918367347E-01  8.567863663E-01
6.122448980E-01  8.096922641E-01
6.326530612E-01  7.349084532E-01
6.530612245E-01  6.191043901E-01
6.734693878E-01  4.557461950E-01
6.938775510E-01  2.484223188E-01
7.142857143E-01  2.859815539E-03
7.346938776E-01  -2.872411807E-01
7.551020408E-01  -6.481283131E-01
7.755102041E-01  -1.123017082E+00
7.959183673E-01  -1.757558948E+00
8.163265306E-01  -2.575570707E+00
8.367346939E-01  -3.566673971E+00
8.571428571E-01  -4.703989611E+00
8.775510204E-01  -5.960557804E+00
8.979591837E-01  -7.287781417E+00
9.183673469E-01  -8.579756098E+00
9.387755102E-01  -9.672089947E+00
9.591836735E-01  -1.040359334E+01
9.795918367E-01  -1.069052237E+01
1.000000000E+00  -1.078090558E+01
