Cubefile created from PWScf calculation
Contains the selected quantity on a FFT grid
    1     0.000000     0.000000     0.000000
   10     6.650000     0.000000     0.000000
   10     0.000000     6.650000     0.000000
   10     0.000000     0.000000     6.650000
   28    28.000000     0.000000     0.000000     0.000000
  1.58146E-03  9.48378E-01  1.37894E-01  5.30804E-02  3.12750E-02  3.12750E-02
  5.30804E-02  1.37894E-01  9.48378E-01  1.58146E-03
  9.48378E-01  5.18158E-01  1.12721E-01  5.31630E-02  3.85165E-02  3.85165E-02
  5.31630E-02  1.12721E-01  5.18158E-01  9.48378E-01
  1.37894E-01  1.12721E-01  8.54080E-02  7.50515E-02  9.38217E-02  9.38217E-02
  7.50515E-02  8.54080E-02  1.12721E-01  1.37894E-01
  5.30804E-02  5.31630E-02  7.50515E-02  1.20090E-01  3.61826E-01  3.61826E-01
  1.20090E-01  7.50515E-02  5.31630E-02  5.30804E-02
  3.12750E-02  3.85165E-02  9.38217E-02  3.61826E-01  5.32910E-01  5.32910E-01
  3.61826E-01  9.38217E-02  3.85165E-02  3.12750E-02
  3.12750E-02  3.85165E-02  9.38217E-02  3.61826E-01  5.32910E-01  5.32910E-01
  3.61826E-01  9.38217E-02  3.85165E-02  3.12750E-02
  5.30804E-02  5.31630E-02  7.50515E-02  1.20090E-01  3.61826E-01  3.61826E-01
  1.20090E-01  7.50515E-02  5.31630E-02  5.30804E-02
  1.37894E-01  1.12721E-01  8.54080E-02  7.50515E-02  9.38217E-02  9.38217E-02
  7.50515E-02  8.54080E-02  1.12721E-01  1.37894E-01
  9.48378E-01  5.18158E-01  1.12721E-01  5.31630E-02  3.85165E-02  3.85165E-02
  5.31630E-02  1.12721E-01  5.18158E-01  9.48378E-01
  1.58146E-03  9.48378E-01  1.37894E-01  5.30804E-02  3.12750E-02  3.12750E-02
  5.30804E-02  1.37894E-01  9.48378E-01  1.58146E-03
  9.48378E-01  5.18158E-01  1.12721E-01  5.31630E-02  3.85165E-02  3.85165E-02
  5.31630E-02  1.12721E-01  5.18158E-01  9.48378E-01
  5.18158E-01  2.15358E-01  1.01308E-01  5.52894E-02  4.60258E-02  4.60258E-02
  5.52894E-02  1.01308E-01  2.15358E-01  5.18158E-01
  1.12721E-01  1.01308E-01  6.81839E-02  6.44759E-02  8.49486E-02  8.49486E-02
  6.44759E-02  6.81839E-02  1.01308E-01  1.12721E-01
  5.31630E-02  5.52894E-02  6.44759E-02  1.03329E-01  1.61472E-01  1.61472E-01
  1.03329E-01  6.44759E-02  5.52894E-02  5.31630E-02
  3.85165E-02  4.60258E-02  8.49486E-02  1.61472E-01  7.35849E-01  7.35849E-01
  1.61472E-01  8.49486E-02  4.60258E-02  3.85165E-02
  3.85165E-02  4.60258E-02  8.49486E-02  1.61472E-01  7.35849E-01  7.35849E-01
  1.61472E-01  8.49486E-02  4.60258E-02  3.85165E-02
  5.31630E-02  5.52894E-02  6.44759E-02  1.03329E-01  1.61472E-01  1.61472E-01
  1.03329E-01  6.44759E-02  5.52894E-02  5.31630E-02
  1.12721E-01  1.01308E-01  6.81839E-02  6.44759E-02  8.49486E-02  8.49486E-02
  6.44759E-02  6.81839E-02  1.01308E-01  1.12721E-01
  5.18158E-01  2.15358E-01  1.01308E-01  5.52894E-02  4.60258E-02  4.60258E-02
  5.52894E-02  1.01308E-01  2.15358E-01  5.18158E-01
  9.48378E-01  5.18158E-01  1.12721E-01  5.31630E-02  3.85165E-02  3.85165E-02
  5.31630E-02  1.12721E-01  5.18158E-01  9.48378E-01
  1.37894E-01  1.12721E-01  8.54080E-02  7.50515E-02  9.38217E-02  9.38217E-02
  7.50515E-02  8.54080E-02  1.12721E-01  1.37894E-01
  1.12721E-01  1.01308E-01  6.81839E-02  6.44759E-02  8.49486E-02  8.49486E-02
  6.44759E-02  6.81839E-02  1.01308E-01  1.12721E-01
  8.54080E-02  6.81839E-02  5.82480E-02  5.52392E-02  6.34013E-02  6.34013E-02
  5.52392E-02  5.82480E-02  6.81839E-02  8.54080E-02
  7.50515E-02  6.44759E-02  5.52392E-02  7.29465E-02  1.02498E-01  1.02498E-01
  7.29465E-02  5.52392E-02  6.44759E-02  7.50515E-02
  9.38217E-02  8.49486E-02  6.34013E-02  1.02498E-01  1.17101E-01  1.17101E-01
  1.02498E-01  6.34013E-02  8.49486E-02  9.38217E-02
  9.38217E-02  8.49486E-02  6.34013E-02  1.02498E-01  1.17101E-01  1.17101E-01
  1.02498E-01  6.34013E-02  8.49486E-02  9.38217E-02
  7.50515E-02  6.44759E-02  5.52392E-02  7.29465E-02  1.02498E-01  1.02498E-01
  7.29465E-02  5.52392E-02  6.44759E-02  7.50515E-02
  8.54080E-02  6.81839E-02  5.82480E-02  5.52392E-02  6.34013E-02  6.34013E-02
  5.52392E-02  5.82480E-02  6.81839E-02  8.54080E-02
  1.12721E-01  1.01308E-01  6.81839E-02  6.44759E-02  8.49486E-02  8.49486E-02
  6.44759E-02  6.81839E-02  1.01308E-01  1.12721E-01
  1.37894E-01  1.12721E-01  8.54080E-02  7.50515E-02  9.38217E-02  9.38217E-02
  7.50515E-02  8.54080E-02  1.12721E-01  1.37894E-01
  5.30804E-02  5.31630E-02  7.50515E-02  1.20090E-01  3.61826E-01  3.61826E-01
  1.20090E-01  7.50515E-02  5.31630E-02  5.30804E-02
  5.31630E-02  5.52894E-02  6.44759E-02  1.03329E-01  1.61472E-01  1.61472E-01
  1.03329E-01  6.44759E-02  5.52894E-02  5.31630E-02
  7.50515E-02  6.44759E-02  5.52392E-02  7.29465E-02  1.02498E-01  1.02498E-01
  7.29465E-02  5.52392E-02  6.44759E-02  7.50515E-02
  1.20090E-01  1.03329E-01  7.29465E-02  5.64370E-02  5.26314E-02  5.26314E-02
  5.64370E-02  7.29465E-02  1.03329E-01  1.20090E-01
  3.61826E-01  1.61472E-01  1.02498E-01  5.26314E-02  5.42756E-02  5.42756E-02
  5.26314E-02  1.02498E-01  1.61472E-01  3.61826E-01
  3.61826E-01  1.61472E-01  1.02498E-01  5.26314E-02  5.42756E-02  5.42756E-02
  5.26314E-02  1.02498E-01  1.61472E-01  3.61826E-01
  1.20090E-01  1.03329E-01  7.29465E-02  5.64370E-02  5.26314E-02  5.26314E-02
  5.64370E-02  7.29465E-02  1.03329E-01  1.20090E-01
  7.50515E-02  6.44759E-02  5.52392E-02  7.29465E-02  1.02498E-01  1.02498E-01
  7.29465E-02  5.52392E-02  6.44759E-02  7.50515E-02
  5.31630E-02  5.52894E-02  6.44759E-02  1.03329E-01  1.61472E-01  1.61472E-01
  1.03329E-01  6.44759E-02  5.52894E-02  5.31630E-02
  5.30804E-02  5.31630E-02  7.50515E-02  1.20090E-01  3.61826E-01  3.61826E-01
  1.20090E-01  7.50515E-02  5.31630E-02  5.30804E-02
  3.12750E-02  3.85165E-02  9.38217E-02  3.61826E-01  5.32910E-01  5.32910E-01
  3.61826E-01  9.38217E-02  3.85165E-02  3.12750E-02
  3.85165E-02  4.60258E-02  8.49486E-02  1.61472E-01  7.35849E-01  7.35849E-01
  1.61472E-01  8.49486E-02  4.60258E-02  3.85165E-02
  9.38217E-02  8.49486E-02  6.34013E-02  1.02498E-01  1.17101E-01  1.17101E-01
  1.02498E-01  6.34013E-02  8.49486E-02  9.38217E-02
  3.61826E-01  1.61472E-01  1.02498E-01  5.26314E-02  5.42756E-02  5.42756E-02
  5.26314E-02  1.02498E-01  1.61472E-01  3.61826E-01
  5.32910E-01  7.35849E-01  1.17101E-01  5.42756E-02  3.91348E-02  3.91348E-02
  5.42756E-02  1.17101E-01  7.35849E-01  5.32910E-01
  5.32910E-01  7.35849E-01  1.17101E-01  5.42756E-02  3.91348E-02  3.91348E-02
  5.42756E-02  1.17101E-01  7.35849E-01  5.32910E-01
  3.61826E-01  1.61472E-01  1.02498E-01  5.26314E-02  5.42756E-02  5.42756E-02
  5.26314E-02  1.02498E-01  1.61472E-01  3.61826E-01
  9.38217E-02  8.49486E-02  6.34013E-02  1.02498E-01  1.17101E-01  1.17101E-01
  1.02498E-01  6.34013E-02  8.49486E-02  9.38217E-02
  3.85165E-02  4.60258E-02  8.49486E-02  1.61472E-01  7.35849E-01  7.35849E-01
  1.61472E-01  8.49486E-02  4.60258E-02  3.85165E-02
  3.12750E-02  3.85165E-02  9.38217E-02  3.61826E-01  5.32910E-01  5.32910E-01
  3.61826E-01  9.38217E-02  3.85165E-02  3.12750E-02
  3.12750E-02  3.85165E-02  9.38217E-02  3.61826E-01  5.32910E-01  5.32910E-01
  3.61826E-01  9.38217E-02  3.85165E-02  3.12750E-02
  3.85165E-02  4.60258E-02  8.49486E-02  1.61472E-01  7.35849E-01  7.35849E-01
  1.61472E-01  8.49486E-02  4.60258E-02  3.85165E-02
  9.38217E-02  8.49486E-02  6.34013E-02  1.02498E-01  1.17101E-01  1.17101E-01
  1.02498E-01  6.34013E-02  8.49486E-02  9.38217E-02
  3.61826E-01  1.61472E-01  1.02498E-01  5.26314E-02  5.42756E-02  5.42756E-02
  5.26314E-02  1.02498E-01  1.61472E-01  3.61826E-01
  5.32910E-01  7.35849E-01  1.17101E-01  5.42756E-02  3.91348E-02  3.91348E-02
  5.42756E-02  1.17101E-01  7.35849E-01  5.32910E-01
  5.32910E-01  7.35849E-01  1.17101E-01  5.42756E-02  3.91348E-02  3.91348E-02
  5.42756E-02  1.17101E-01  7.35849E-01  5.32910E-01
  3.61826E-01  1.61472E-01  1.02498E-01  5.26314E-02  5.42756E-02  5.42756E-02
  5.26314E-02  1.02498E-01  1.61472E-01  3.61826E-01
  9.38217E-02  8.49486E-02  6.34013E-02  1.02498E-01  1.17101E-01  1.17101E-01
  1.02498E-01  6.34013E-02  8.49486E-02  9.38217E-02
  3.85165E-02  4.60258E-02  8.49486E-02  1.61472E-01  7.35849E-01  7.35849E-01
  1.61472E-01  8.49486E-02  4.60258E-02  3.85165E-02
  3.12750E-02  3.85165E-02  9.38217E-02  3.61826E-01  5.32910E-01  5.32910E-01
  3.61826E-01  9.38217E-02  3.85165E-02  3.12750E-02
  5.30804E-02  5.31630E-02  7.50515E-02  1.20090E-01  3.61826E-01  3.61826E-01
  1.20090E-01  7.50515E-02  5.31630E-02  5.30804E-02
  5.31630E-02  5.52894E-02  6.44759E-02  1.03329E-01  1.61472E-01  1.61472E-01
  1.03329E-01  6.44759E-02  5.52894E-02  5.31630E-02
  7.50515E-02  6.44759E-02  5.52392E-02  7.29465E-02  1.02498E-01  1.02498E-01
  7.29465E-02  5.52392E-02  6.44759E-02  7.50515E-02
  1.20090E-01  1.03329E-01  7.29465E-02  5.64370E-02  5.26314E-02  5.26314E-02
  5.64370E-02  7.29465E-02  1.03329E-01  1.20090E-01
  3.61826E-01  1.61472E-01  1.02498E-01  5.26314E-02  5.42756E-02  5.42756E-02
  5.26314E-02  1.02498E-01  1.61472E-01  3.61826E-01
  3.61826E-01  1.61472E-01  1.02498E-01  5.26314E-02  5.42756E-02  5.42756E-02
  5.26314E-02  1.02498E-01  1.61472E-01  3.61826E-01
  1.20090E-01  1.03329E-01  7.29465E-02  5.64370E-02  5.26314E-02  5.26314E-02
  5.64370E-02  7.29465E-02  1.03329E-01  1.20090E-01
  7.50515E-02  6.44759E-02  5.52392E-02  7.29465E-02  1.02498E-01  1.02498E-01
  7.29465E-02  5.52392E-02  6.44759E-02  7.50515E-02
  5.31630E-02  5.52894E-02  6.44759E-02  1.03329E-01  1.61472E-01  1.61472E-01
  1.03329E-01  6.44759E-02  5.52894E-02  5.31630E-02
  5.30804E-02  5.31630E-02  7.50515E-02  1.20090E-01  3.61826E-01  3.61826E-01
  1.20090E-01  7.50515E-02  5.31630E-02  5.30804E-02
  1.37894E-01  1.12721E-01  8.54080E-02  7.50515E-02  9.38217E-02  9.38217E-02
  7.50515E-02  8.54080E-02  1.12721E-01  1.37894E-01
  1.12721E-01  1.01308E-01  6.81839E-02  6.44759E-02  8.49486E-02  8.49486E-02
  6.44759E-02  6.81839E-02  1.01308E-01  1.12721E-01
  8.54080E-02  6.81839E-02  5.82480E-02  5.52392E-02  6.34013E-02  6.34013E-02
  5.52392E-02  5.82480E-02  6.81839E-02  8.54080E-02
  7.50515E-02  6.44759E-02  5.52392E-02  7.29465E-02  1.02498E-01  1.02498E-01
  7.29465E-02  5.52392E-02  6.44759E-02  7.50515E-02
  9.38217E-02  8.49486E-02  6.34013E-02  1.02498E-01  1.17101E-01  1.17101E-01
  1.02498E-01  6.34013E-02  8.49486E-02  9.38217E-02
  9.38217E-02  8.49486E-02  6.34013E-02  1.02498E-01  1.17101E-01  1.17101E-01
  1.02498E-01  6.34013E-02  8.49486E-02  9.38217E-02
  7.50515E-02  6.44759E-02  5.52392E-02  7.29465E-02  1.02498E-01  1.02498E-01
  7.29465E-02  5.52392E-02  6.44759E-02  7.50515E-02
  8.54080E-02  6.81839E-02  5.82480E-02  5.52392E-02  6.34013E-02  6.34013E-02
  5.52392E-02  5.82480E-02  6.81839E-02  8.54080E-02
  1.12721E-01  1.01308E-01  6.81839E-02  6.44759E-02  8.49486E-02  8.49486E-02
  6.44759E-02  6.81839E-02  1.01308E-01  1.12721E-01
  1.37894E-01  1.12721E-01  8.54080E-02  7.50515E-02  9.38217E-02  9.38217E-02
  7.50515E-02  8.54080E-02  1.12721E-01  1.37894E-01
  9.48378E-01  5.18158E-01  1.12721E-01  5.31630E-02  3.85165E-02  3.85165E-02
  5.31630E-02  1.12721E-01  5.18158E-01  9.48378E-01
  5.18158E-01  2.15358E-01  1.01308E-01  5.52894E-02  4.60258E-02  4.60258E-02
  5.52894E-02  1.01308E-01  2.15358E-01  5.18158E-01
  1.12721E-01  1.01308E-01  6.81839E-02  6.44759E-02  8.49486E-02  8.49486E-02
  6.44759E-02  6.81839E-02  1.01308E-01  1.12721E-01
  5.31630E-02  5.52894E-02  6.44759E-02  1.03329E-01  1.61472E-01  1.61472E-01
  1.03329E-01  6.44759E-02  5.52894E-02  5.31630E-02
  3.85165E-02  4.60258E-02  8.49486E-02  1.61472E-01  7.35849E-01  7.35849E-01
  1.61472E-01  8.49486E-02  4.60258E-02  3.85165E-02
  3.85165E-02  4.60258E-02  8.49486E-02  1.61472E-01  7.35849E-01  7.35849E-01
  1.61472E-01  8.49486E-02  4.60258E-02  3.85165E-02
  5.31630E-02  5.52894E-02  6.44759E-02  1.03329E-01  1.61472E-01  1.61472E-01
  1.03329E-01  6.44759E-02  5.52894E-02  5.31630E-02
  1.12721E-01  1.01308E-01  6.81839E-02  6.44759E-02  8.49486E-02  8.49486E-02
  6.44759E-02  6.81839E-02  1.01308E-01  1.12721E-01
  5.18158E-01  2.15358E-01  1.01308E-01  5.52894E-02  4.60258E-02  4.60258E-02
  5.52894E-02  1.01308E-01  2.15358E-01  5.18158E-01
  9.48378E-01  5.18158E-01  1.12721E-01  5.31630E-02  3.85165E-02  3.85165E-02
  5.31630E-02  1.12721E-01  5.18158E-01  9.48378E-01
  1.58146E-03  9.48378E-01  1.37894E-01  5.30804E-02  3.12750E-02  3.12750E-02
  5.30804E-02  1.37894E-01  9.48378E-01  1.58146E-03
  9.48378E-01  5.18158E-01  1.12721E-01  5.31630E-02  3.85165E-02  3.85165E-02
  5.31630E-02  1.12721E-01  5.18158E-01  9.48378E-01
  1.37894E-01  1.12721E-01  8.54080E-02  7.50515E-02  9.38217E-02  9.38217E-02
  7.50515E-02  8.54080E-02  1.12721E-01  1.37894E-01
  5.30804E-02  5.31630E-02  7.50515E-02  1.20090E-01  3.61826E-01  3.61826E-01
  1.20090E-01  7.50515E-02  5.31630E-02  5.30804E-02
  3.12750E-02  3.85165E-02  9.38217E-02  3.61826E-01  5.32910E-01  5.32910E-01
  3.61826E-01  9.38217E-02  3.85165E-02  3.12750E-02
  3.12750E-02  3.85165E-02  9.38217E-02  3.61826E-01  5.32910E-01  5.32910E-01
  3.61826E-01  9.38217E-02  3.85165E-02  3.12750E-02
  5.30804E-02  5.31630E-02  7.50515E-02  1.20090E-01  3.61826E-01  3.61826E-01
  1.20090E-01  7.50515E-02  5.31630E-02  5.30804E-02
  1.37894E-01  1.12721E-01  8.54080E-02  7.50515E-02  9.38217E-02  9.38217E-02
  7.50515E-02  8.54080E-02  1.12721E-01  1.37894E-01
  9.48378E-01  5.18158E-01  1.12721E-01  5.31630E-02  3.85165E-02  3.85165E-02
  5.31630E-02  1.12721E-01  5.18158E-01  9.48378E-01
  1.58146E-03  9.48378E-01  1.37894E-01  5.30804E-02  3.12750E-02  3.12750E-02
  5.30804E-02  1.37894E-01  9.48378E-01  1.58146E-03
