   10    10     1          0.11111111111111          0.11111111111111
     1.58146129840782E-03     9.48377873760514E-01     1.37894193037374E-01     5.30804338598255E-02
     3.12749951006153E-02     3.12749951006152E-02     5.30804338598250E-02     1.37894193037373E-01
     9.48377873760512E-01     1.58146129840782E-03     9.48377873760513E-01     5.18158157881628E-01
     1.12720726791260E-01     5.31630169665727E-02     3.85164643229324E-02     3.85164643229323E-02
     5.31630169665726E-02     1.12720726791260E-01     5.18158157881628E-01     9.48377873760512E-01
     1.37894193037375E-01     1.12720726791260E-01     8.54079857804241E-02     7.50514742054437E-02
     9.38216811523977E-02     9.38216811523979E-02     7.50514742054439E-02     8.54079857804236E-02
     1.12720726791260E-01     1.37894193037375E-01     5.30804338598264E-02     5.31630169665727E-02
     7.50514742054434E-02     1.20089592865281E-01     3.61826005879995E-01     3.61826005879995E-01
     1.20089592865281E-01     7.50514742054436E-02     5.31630169665726E-02     5.30804338598264E-02
     3.12749951006151E-02     3.85164643229323E-02     9.38216811523975E-02     3.61826005879995E-01
     5.32909543587439E-01     5.32909543587438E-01     3.61826005879997E-01     9.38216811523982E-02
     3.85164643229323E-02     3.12749951006151E-02     3.12749951006155E-02     3.85164643229325E-02
     9.38216811523979E-02     3.61826005879995E-01     5.32909543587438E-01     5.32909543587436E-01
     3.61826005879996E-01     9.38216811523980E-02     3.85164643229322E-02     3.12749951006155E-02
     5.30804338598262E-02     5.31630169665724E-02     7.50514742054434E-02     1.20089592865281E-01
     3.61826005879995E-01     3.61826005879996E-01     1.20089592865281E-01     7.50514742054435E-02
     5.31630169665723E-02     5.30804338598260E-02     1.37894193037374E-01     1.12720726791260E-01
     8.54079857804241E-02     7.50514742054432E-02     9.38216811523981E-02     9.38216811523980E-02
     7.50514742054438E-02     8.54079857804238E-02     1.12720726791260E-01     1.37894193037374E-01
     9.48377873760513E-01     5.18158157881628E-01     1.12720726791260E-01     5.31630169665728E-02
     3.85164643229323E-02     3.85164643229323E-02     5.31630169665725E-02     1.12720726791260E-01
     5.18158157881627E-01     9.48377873760513E-01     1.58146129840782E-03     9.48377873760514E-01
     1.37894193037374E-01     5.30804338598256E-02     3.12749951006154E-02     3.12749951006152E-02
     5.30804338598252E-02     1.37894193037373E-01     9.48377873760511E-01     1.58146129840782E-03
