   10    10     1          0.69813170079773          0.34906585039887
     2.74373576699385E-02     7.42234119062864E-01     5.89618581238726E-01     8.03833106103662E-02
     1.15932771991348E-01     1.15932771991349E-01     8.03833106103647E-02     5.89618581238728E-01
     7.42234119062866E-01     2.74373576699385E-02     2.74373576699385E-02     5.55510475616181E-02
     8.35782030291295E-02     9.57104604816501E-02     9.19658144306779E-02     9.19658144306770E-02
     9.57104604816498E-02     8.35782030291294E-02     5.55510475616181E-02     2.74373576699384E-02
     2.74373576699385E-02     8.15879742238116E-01     1.21418628918986E-01     5.81739165568622E-02
     6.71052050874510E-02     6.71052050874501E-02     5.81739165568627E-02     1.21418628918986E-01
     8.15879742238116E-01     2.74373576699385E-02     2.74373576699385E-02     9.91128011217521E-02
     5.10121679566060E-02     7.67676286685070E-02     5.83903258304317E-02     5.83903258304318E-02
     7.67676286685076E-02     5.10121679566058E-02     9.91128011217517E-02     2.74373576699385E-02
     2.74373576699385E-02     2.08559591956392E-01     5.37523023355037E-02     6.81719252036885E-02
     9.95725910596434E-02     9.95725910596426E-02     6.81719252036884E-02     5.37523023355030E-02
     2.08559591956393E-01     2.74373576699383E-02     2.74373576699385E-02     2.08559591956392E-01
     5.37523023355030E-02     6.81719252036875E-02     9.95725910596432E-02     9.95725910596439E-02
     6.81719252036882E-02     5.37523023355030E-02     2.08559591956392E-01     2.74373576699384E-02
     2.74373576699385E-02     9.91128011217520E-02     5.10121679566062E-02     7.67676286685073E-02
     5.83903258304316E-02     5.83903258304314E-02     7.67676286685073E-02     5.10121679566061E-02
     9.91128011217515E-02     2.74373576699385E-02     2.74373576699385E-02     8.15879742238116E-01
     1.21418628918986E-01     5.81739165568622E-02     6.71052050874506E-02     6.71052050874505E-02
     5.81739165568625E-02     1.21418628918987E-01     8.15879742238116E-01     2.74373576699386E-02
     2.74373576699385E-02     5.55510475616183E-02     8.35782030291301E-02     9.57104604816500E-02
     9.19658144306780E-02     9.19658144306776E-02     9.57104604816503E-02     8.35782030291297E-02
     5.55510475616185E-02     2.74373576699385E-02     2.74373576699385E-02     7.42234119062865E-01
     5.89618581238728E-01     8.03833106103660E-02     1.15932771991348E-01     1.15932771991349E-01
     8.03833106103650E-02     5.89618581238729E-01     7.42234119062865E-01     2.74373576699385E-02
