# Minimun, maximun, imaginary charge: 1.581461298E-03  9.483778738E-01  2.851670103E-16
# 2D plot, nx =  10 ny = 10
# X                Y                Z
0.000000000E+00  0.000000000E+00  1.581461298E-03
0.000000000E+00  1.111111111E-01  9.483778738E-01
0.000000000E+00  2.222222222E-01  1.378941930E-01
0.000000000E+00  3.333333333E-01  5.308043386E-02
0.000000000E+00  4.444444444E-01  3.127499510E-02
0.000000000E+00  5.555555556E-01  3.127499510E-02
0.000000000E+00  6.666666667E-01  5.308043386E-02
0.000000000E+00  7.777777778E-01  1.378941930E-01
0.000000000E+00  8.888888889E-01  9.483778738E-01
0.000000000E+00  1.000000000E+00  1.581461298E-03

1.111111111E-01  0.000000000E+00  9.483778738E-01
1.111111111E-01  1.111111111E-01  5.181581579E-01
1.111111111E-01  2.222222222E-01  1.127207268E-01
1.111111111E-01  3.333333333E-01  5.316301697E-02
1.111111111E-01  4.444444444E-01  3.851646432E-02
1.111111111E-01  5.555555556E-01  3.851646432E-02
1.111111111E-01  6.666666667E-01  5.316301697E-02
1.111111111E-01  7.777777778E-01  1.127207268E-01
1.111111111E-01  8.888888889E-01  5.181581579E-01
1.111111111E-01  1.000000000E+00  9.483778738E-01

2.222222222E-01  0.000000000E+00  1.378941930E-01
2.222222222E-01  1.111111111E-01  1.127207268E-01
2.222222222E-01  2.222222222E-01  8.540798578E-02
2.222222222E-01  3.333333333E-01  7.505147421E-02
2.222222222E-01  4.444444444E-01  9.382168115E-02
2.222222222E-01  5.555555556E-01  9.382168115E-02
2.222222222E-01  6.666666667E-01  7.505147421E-02
2.222222222E-01  7.777777778E-01  8.540798578E-02
2.222222222E-01  8.888888889E-01  1.127207268E-01
2.222222222E-01  1.000000000E+00  1.378941930E-01

3.333333333E-01  0.000000000E+00  5.308043386E-02
3.333333333E-01  1.111111111E-01  5.316301697E-02
3.333333333E-01  2.222222222E-01  7.505147421E-02
3.333333333E-01  3.333333333E-01  1.200895929E-01
3.333333333E-01  4.444444444E-01  3.618260059E-01
3.333333333E-01  5.555555556E-01  3.618260059E-01
3.333333333E-01  6.666666667E-01  1.200895929E-01
3.333333333E-01  7.777777778E-01  7.505147421E-02
3.333333333E-01  8.888888889E-01  5.316301697E-02
3.333333333E-01  1.000000000E+00  5.308043386E-02

4.444444444E-01  0.000000000E+00  3.127499510E-02
4.444444444E-01  1.111111111E-01  3.851646432E-02
4.444444444E-01  2.222222222E-01  9.382168115E-02
4.444444444E-01  3.333333333E-01  3.618260059E-01
4.444444444E-01  4.444444444E-01  5.329095436E-01
4.444444444E-01  5.555555556E-01  5.329095436E-01
4.444444444E-01  6.666666667E-01  3.618260059E-01
4.444444444E-01  7.777777778E-01  9.382168115E-02
4.444444444E-01  8.888888889E-01  3.851646432E-02
4.444444444E-01  1.000000000E+00  3.127499510E-02

5.555555556E-01  0.000000000E+00  3.127499510E-02
5.555555556E-01  1.111111111E-01  3.851646432E-02
5.555555556E-01  2.222222222E-01  9.382168115E-02
5.555555556E-01  3.333333333E-01  3.618260059E-01
5.555555556E-01  4.444444444E-01  5.329095436E-01
5.555555556E-01  5.555555556E-01  5.329095436E-01
5.555555556E-01  6.666666667E-01  3.618260059E-01
5.555555556E-01  7.777777778E-01  9.382168115E-02
5.555555556E-01  8.888888889E-01  3.851646432E-02
5.555555556E-01  1.000000000E+00  3.127499510E-02

6.666666667E-01  0.000000000E+00  5.308043386E-02
6.666666667E-01  1.111111111E-01  5.316301697E-02
6.666666667E-01  2.222222222E-01  7.505147421E-02
6.666666667E-01  3.333333333E-01  1.200895929E-01
6.666666667E-01  4.444444444E-01  3.618260059E-01
6.666666667E-01  5.555555556E-01  3.618260059E-01
6.666666667E-01  6.666666667E-01  1.200895929E-01
6.666666667E-01  7.777777778E-01  7.505147421E-02
6.666666667E-01  8.888888889E-01  5.316301697E-02
6.666666667E-01  1.000000000E+00  5.308043386E-02

7.777777778E-01  0.000000000E+00  1.378941930E-01
7.777777778E-01  1.111111111E-01  1.127207268E-01
7.777777778E-01  2.222222222E-01  8.540798578E-02
7.777777778E-01  3.333333333E-01  7.505147421E-02
7.777777778E-01  4.444444444E-01  9.382168115E-02
7.777777778E-01  5.555555556E-01  9.382168115E-02
7.777777778E-01  6.666666667E-01  7.505147421E-02
7.777777778E-01  7.777777778E-01  8.540798578E-02
7.777777778E-01  8.888888889E-01  1.127207268E-01
7.777777778E-01  1.000000000E+00  1.378941930E-01

8.888888889E-01  0.000000000E+00  9.483778738E-01
8.888888889E-01  1.111111111E-01  5.181581579E-01
8.888888889E-01  2.222222222E-01  1.127207268E-01
8.888888889E-01  3.333333333E-01  5.316301697E-02
8.888888889E-01  4.444444444E-01  3.851646432E-02
8.888888889E-01  5.555555556E-01  3.851646432E-02
8.888888889E-01  6.666666667E-01  5.316301697E-02
8.888888889E-01  7.777777778E-01  1.127207268E-01
8.888888889E-01  8.888888889E-01  5.181581579E-01
8.888888889E-01  1.000000000E+00  9.483778738E-01

1.000000000E+00  0.000000000E+00  1.581461298E-03
1.000000000E+00  1.111111111E-01  9.483778738E-01
1.000000000E+00  2.222222222E-01  1.378941930E-01
1.000000000E+00  3.333333333E-01  5.308043386E-02
1.000000000E+00  4.444444444E-01  3.127499510E-02
1.000000000E+00  5.555555556E-01  3.127499510E-02
1.000000000E+00  6.666666667E-01  5.308043386E-02
1.000000000E+00  7.777777778E-01  1.378941930E-01
1.000000000E+00  8.888888889E-01  9.483778738E-01
1.000000000E+00  1.000000000E+00  1.581461298E-03

